,edu_credit,id
0,10.063,285355
1,20.375,282628
2,11.688,278533
3,0.0,299379
4,3.375,294926
5,12.563,281261
6,2.5,239367
7,10.375,290136
8,8.625,299104
9,8.813,262163
10,7.875,213016
11,11.25,294937
12,9.688,299034
13,13.125,278555
14,30.502,258077
15,18.314,282058
16,14.5,294948
17,4.375,299045
18,11.939,290854
19,20.125,244401
20,5.375,249896
21,16.688,293103
22,13.439,213040
23,4.813,278577
24,15.875,282674
25,15.313,249908
26,5.563,292190
27,4.0,249910
28,13.751,202270
29,19.875,294972
30,14.125,282685
31,13.376,278590
32,14.625,262208
33,8.75,249921
34,14.0,262210
35,0.625,208964
36,3.438,221253
37,1.625,213062
38,11.625,294983
39,35.942,299081
40,18.625,278602
41,21.879,299083
42,11.688,258124
43,12.313,204130
44,30.563,299086
45,24.938,299087
46,13.688,299088
47,13.625,294994
48,14.25,281955
49,9.063,282708
50,11.625,266326
51,10.188,249943
52,16.063,262232
53,8.828,299097
54,9.753,299098
55,9.375,213084
56,17.5,299101
57,23.452,299102
58,15.375,295007
59,8.563,278624
60,4.375,266337
61,19.938,249954
62,15.5,294881
63,0.0,254052
64,0.625,299109
65,1.0,299111
66,0.25,299112
67,12.25,244412
68,21.063,286826
69,0.25,299115
70,13.063,282732
71,16.689,258157
72,8.875,299118
73,9.375,299119
74,3.5,299120
75,12.25,299121
76,6.875,299122
77,3.563,213107
78,13.125,299124
79,22.813,275134
80,9.188,278646
81,25.813,282743
82,20.663,249976
83,14.5,266361
84,13.0,292202
85,17.938,204926
86,10.375,299135
87,11.913,213120
88,16.063,290945
89,10.688,282754
90,0.0,299383
91,5.375,299140
92,3.375,299141
93,14.425,289121
94,9.44,237703
95,7.626,225416
96,8.376,238956
97,0.0,299146
98,9.814,213131
99,2.125,299148
100,1.125,299149
101,2.0,299150
102,11.438,262287
103,0.0,299152
104,0.25,299153
105,13.375,237714
106,18.688,241811
107,0.0,299156
108,12.375,218478
109,10.626,213142
110,0.0,299159
111,1.375,299160
112,28.563,266394
113,0.0,299163
114,2.25,258204
115,16.125,237725
116,0.0,299166
117,13.001,233631
118,43.313,286154
119,14.438,213153
120,1.375,299170
121,20.413,286883
122,18.563,274596
123,0.0,299173
124,28.375,289564
125,14.751,258215
126,4.188,262312
127,6.44,250025
128,0.0,299178
129,19.25,244423
130,0.0,299180
131,17.313,289837
132,30.128,240327
133,1.5,274461
134,0.0,299184
135,6.375,266417
136,10.913,274610
137,11.563,262323
138,19.313,250036
139,0.0,299189
140,0.0,299190
141,14.813,213175
142,0.0,299192
143,20.25,288116
144,0.0,299194
145,1.375,299196
146,10.938,274621
147,8.125,262334
148,0.25,250047
149,0.0,299200
150,0.0,299201
151,13.563,213186
152,0.0,299203
153,0.0,299204
154,3.5,290158
155,0.0,299206
156,16.438,288801
157,15.188,274632
158,0.0,299209
159,1.375,299210
160,0.0,299211
161,0.0,299212
162,12.316,213197
163,0.0,299214
164,16.813,293581
165,0.0,299216
166,0.0,299217
167,17.0,291026
168,0.0,299220
169,0.0,299221
170,0.0,299222
171,0.0,299223
172,1.375,299224
173,0.0,299225
174,0.0,299226
175,26.0,213211
176,23.375,288663
177,15.438,277882
178,10.938,274654
179,20.751,266463
180,0.0,299232
181,0.0,299233
182,0.0,299234
183,13.563,217316
184,22.75,209125
185,0.0,299238
186,0.0,299239
187,26.69,282856
188,1.375,299241
189,0.0,299242
190,0.0,299243
191,0.0,262380
192,26.439,250093
193,0.0,299246
194,7.566,233711
195,0.0,299248
196,21.063,213233
197,0.0,299250
198,25.75,286963
199,13.875,274676
200,1.0,299114
201,11.753,258294
202,0.0,299255
203,1.375,299256
204,15.938,229625
205,13.815,217338
206,14.313,288127
207,0.0,299260
208,0.0,299261
209,13.126,286974
210,0.0,299263
211,0.0,299264
212,13.813,296320
213,0.0,299266
214,1.313,262403
215,16.066,229636
216,29.376,233733
217,0.0,299270
218,0.0,299251
219,6.813,259834
220,0.0,299274
221,0.0,299275
222,0.0,299276
223,7.313,263554
224,0.0,299278
225,11.5,241935
226,0.0,299280
227,15.938,221457
228,0.0,299282
229,0.0,299283
230,0.25,286996
231,10.375,265972
232,11.188,278806
233,10.0,282903
234,0.0,299288
235,0.625,296251
236,8.441,241946
237,0.0,299291
238,5.878,229660
239,0.0,299293
240,8.938,221470
241,16.625,286085
242,0.0,299296
243,2.439,299056
244,9.5,282914
245,34.813,270627
246,15.313,262436
247,10.816,241957
248,0.0,299302
249,26.628,229671
250,0.0,299304
251,9.889,221481
252,0.0,299306
253,0.0,299215
254,12.0,291117
255,9.5,270638
256,15.813,262447
257,9.313,270640
258,1.75,246065
259,8.128,241970
260,0.0,299315
261,14.504,221492
262,0.0,299317
263,0.0,299318
264,0.0,299319
265,12.075,291128
266,8.001,262196
267,22.688,266554
268,12.941,254267
269,0.0,299324
270,15.5,241981
271,0.0,299326
272,0.0,299327
273,7.626,221504
274,0.0,299330
275,19.125,292235
276,0.0,299332
277,0.0,299333
278,0.0,299334
279,0.0,299335
280,14.876,241992
281,17.063,229705
282,0.0,299338
283,13.351,221515
284,0.0,299340
285,0.0,299341
286,9.938,282958
287,1.0,299117
288,14.438,282960
289,18.5,270673
290,9.0,262482
291,15.813,287102
292,10.438,229716
293,0.0,299349
294,6.315,221526
295,0.0,299351
296,15.063,209240
297,2.5,299353
298,11.625,239378
299,0.0,299355
300,15.063,270684
301,0.0,299357
302,0.0,299358
303,14.688,229727
304,0.0,299360
305,0.0,299361
306,0.0,299362
307,0.0,299363
308,9.875,295268
309,0.0,299365
310,17.688,282982
311,23.064,290193
312,22.563,258408
313,0.0,299369
314,12.876,254314
315,0.5,233835
316,16.875,225644
317,11.125,209262
318,17.625,286781
319,9.813,291185
320,0.0,299378
321,5.875,282003
322,0.0,299381
323,49.625,237942
324,10.125,229751
325,0.0,299384
326,31.0,209273
327,0.0,299387
328,6.875,291196
329,0.0,299389
330,19.938,278910
331,19.625,295042
332,0.0,299392
333,16.628,233857
334,15.25,229762
335,0.0,299395
336,35.0,209284
337,0.0,299399
338,14.813,291208
339,15.063,278921
340,0.0,299402
341,0.0,299403
342,31.353,237964
343,20.938,288834
344,0.0,299406
345,11.625,209295
346,0.0,299408
347,0.0,299410
348,13.063,295315
349,25.125,278932
350,17.125,291221
351,11.313,270742
352,6.626,262551
353,15.313,229784
354,0.0,299417
355,0.0,299418
356,28.75,209307
357,0.0,299420
358,0.0,299421
359,0.0,299422
360,9.5,278943
361,13.25,291232
362,17.75,270753
363,9.251,237986
364,17.438,229795
365,0.0,299428
366,23.375,299078
367,0.0,299430
368,0.0,299431
369,7.375,286108
370,47.44,201130
371,20.688,299079
372,11.438,283052
373,18.254,237997
374,22.688,254382
375,0.0,299439
376,0.0,299440
377,0.0,299442
378,20.0,209331
379,0.0,299444
380,0.0,299445
381,15.25,291254
382,10.688,270775
383,7.813,266680
384,0.0,299449
385,19.813,229818
386,0.0,299451
387,10.44,229820
388,21.004,299082
389,46.313,209342
390,21.563,291265
391,6.188,274882
392,0.0,299459
393,13.0,294620
394,0.0,299461
395,12.313,289028
396,13.625,238023
397,0.0,299464
398,17.188,209353
399,9.065,297015
400,0.0,299467
401,18.0,291276
402,6.0,283085
403,0.0,299394
404,0.25,297037
405,6.85,247115
406,7.251,213461
407,3.875,290078
408,17.375,291287
409,14.375,283096
410,17.75,274905
411,0.0,299298
412,10.813,250333
413,53.938,289531
414,8.063,274916
415,29.25,291301
416,33.375,254438
417,14.375,264273
418,10.75,217577
419,31.875,201196
420,18.753,299090
421,18.813,285550
422,9.813,283121
423,39.188,299091
424,15.688,246260
425,13.063,208645
426,27.9,201208
427,7.5,299092
428,15.5,294961
429,48.063,291323
430,8.875,283132
431,10.375,262653
432,15.942,254462
433,8.0,237474
434,15.813,295680
435,3.0,299123
436,4.375,295428
437,9.5,299094
438,16.313,291334
439,9.875,283143
440,14.913,262664
441,14.003,250377
442,12.078,299095
443,0.0,299462
444,28.563,205326
445,12.313,284077
446,14.0,291345
447,25.063,262675
448,11.628,250388
449,21.063,246293
450,14.938,250390
451,10.738,234007
452,8.564,213528
453,1.875,250628
454,15.875,289440
455,31.288,286985
456,14.35,284762
457,17.063,254495
458,19.438,246305
459,7.628,250402
460,8.066,217635
461,27.125,289542
462,20.088,295463
463,15.75,274984
464,10.501,262697
465,14.75,270890
466,25.125,258603
467,18.188,246316
468,11.688,250413
469,34.713,291378
470,2.375,270902
471,22.188,246327
472,16.128,254520
473,18.063,283198
474,6.25,291391
475,15.0,275008
476,11.875,283201
477,10.5,246338
478,23.629,250435
479,9.5,246340
480,18.188,282721
481,8.938,295496
482,14.125,266827
483,15.565,258636
484,9.438,262733
485,37.127,250446
486,0.25,246351
487,43.75,225872
488,13.438,213585
489,0.625,299107
490,0.0,299372
491,6.814,262926
492,0.375,266838
493,16.876,292281
494,20.913,262744
495,18.326,250457
496,11.5,246362
497,16.5,271120
498,19.567,250468
499,10.25,250470
500,7.75,217704
501,19.5,287124
502,11.125,293650
503,4.875,266862
504,6.625,251325
505,13.125,246384
506,18.875,250481
507,0.25,225906
508,30.126,217715
509,10.538,205428
510,10.063,283256
511,6.378,266873
512,11.438,254586
513,18.567,246395
514,21.628,250492
515,16.0,225917
516,10.0,234111
517,14.875,205441
518,7.625,270981
519,15.814,225928
520,1.0,299116
521,15.875,225930
522,13.813,205452
523,13.001,295565
524,12.376,266895
525,11.188,270992
526,18.563,246418
527,20.813,250515
528,0.0,299323
529,0.25,225941
530,7.688,205463
531,9.375,296912
532,11.813,275098
533,17.065,267034
534,0.25,250526
535,9.504,225952
536,11.0,288880
537,17.813,248118
538,19.938,201380
539,11.938,275260
540,21.938,271016
541,17.077,250537
542,33.5,225963
543,0.0,299265
544,14.625,295598
545,19.751,287408
546,10.5,295601
547,9.626,287410
548,15.0,297083
549,17.25,225974
550,15.814,295612
551,11.813,273866
552,11.438,262846
553,21.5,286837
554,15.063,271040
555,12.478,250561
556,12.063,242370
557,24.75,205508
558,11.688,290934
559,13.188,295623
560,0.0,262857
561,12.063,271051
562,18.688,225996
563,17.563,293353
564,12.125,245197
565,0.0,299388
566,0.0,295634
567,1.625,283347
568,9.563,262868
569,6.875,242392
570,5.375,291356
571,14.938,254757
572,42.313,271073
573,5.875,284215
574,3.188,201447
575,12.25,295656
576,13.313,287465
577,11.566,266986
578,20.625,262892
579,8.725,250606
580,14.351,276605
581,43.563,226033
582,24.563,254531
583,10.751,295667
584,11.625,287476
585,14.688,213118
586,29.313,283382
587,9.188,258807
588,0.0,299154
589,19.938,295678
590,12.063,287487
591,10.5,279296
592,22.013,286848
593,29.939,262915
594,24.688,258820
595,10.0,242437
596,0.0,299268
597,12.375,230152
598,13.75,287498
599,12.5,295691
600,26.375,286850
601,15.313,271118
602,13.0,258831
603,2.375,242448
604,6.876,234257
605,17.125,242450
606,11.126,295703
607,0.0,297130
608,5.875,258842
609,39.5,271131
610,26.063,242461
611,0.0,299382
612,17.813,254768
613,16.063,295714
614,53.85,245426
615,18.629,279332
616,16.813,258853
617,21.563,271142
618,0.0,299285
619,10.563,242472
620,4.375,299143
621,6.375,298782
622,8.189,299133
623,3.75,258864
624,11.125,271153
625,27.188,254770
626,38.0,242483
627,16.125,293001
628,3.94,287545
629,15.313,275258
630,6.751,258875
631,16.375,271164
632,11.814,256138
633,18.0,277984
634,0.0,299147
635,26.501,287556
636,19.25,273206
637,23.625,258886
638,14.313,271175
639,11.438,254792
640,19.563,242506
641,11.625,299134
642,14.625,287567
643,8.627,279376
644,18.563,242517
645,0.0,299151
646,9.0,271197
647,12.188,292315
648,9.563,258911
649,0.25,242528
650,0.0,299437
651,13.751,292372
652,8.251,289451
653,1.813,279401
654,27.0,242541
655,9.563,246761
656,16.438,254837
657,9.125,242552
658,2.625,234986
659,13.938,283518
660,15.253,247957
661,17.301,258944
662,40.375,271233
663,19.375,242563
664,10.563,230276
665,0.0,299158
666,0.0,299176
667,9.375,299136
668,16.625,271244
669,10.563,242574
670,32.991,205714
671,17.625,271255
672,0.0,299294
673,14.0,249327
674,0.0,299273
675,0.0,299162
676,20.75,279365
677,22.75,279456
678,0.375,271266
679,30.813,267078
680,8.125,296433
681,1.375,299164
682,32.0,279467
683,17.313,258988
684,39.313,271277
685,1.5,293136
686,4.75,262301
687,11.938,283575
688,8.941,271288
689,1.375,299247
690,0.0,299167
691,7.876,295873
692,15.75,283586
693,23.688,279491
694,14.125,295155
695,0.0,299169
696,36.126,295884
697,10.438,290273
698,0.0,299172
699,9.063,275418
700,8.0,267227
701,1.0,291403
702,32.938,242654
703,11.1,287716
704,25.375,279525
705,15.688,242665
706,5.75,209898
707,0.0,299175
708,14.563,295920
709,19.0,297128
710,14.75,242676
711,0.0,299177
712,42.938,209912
713,12.375,293034
714,13.941,246783
715,24.688,279558
716,17.125,271368
717,9.375,242698
718,7.188,242701
719,0.0,299181
720,12.188,266543
721,11.0,283666
722,0.0,299277
723,14.625,286894
724,0.25,246806
725,16.003,250903
726,47.063,205851
727,9.251,288036
728,22.5,279582
729,6.813,250914
730,0.25,234532
731,3.5,205862
732,0.0,299185
733,21.438,294540
734,7.375,275497
735,10.888,283690
736,10.504,250925
737,14.439,255022
738,24.001,234543
739,11.876,288264
740,9.125,287795
741,0.0,299414
742,16.563,283702
743,0.0,299188
744,7.125,289291
745,17.753,209980
746,7.25,295997
747,6.375,299142
748,18.938,287807
749,19.563,291904
750,21.5,271200
751,0.0,299193
752,16.813,250947
753,12.438,259140
754,4.751,218183
755,0.0,299191
756,13.0,283724
757,12.313,275533
758,16.876,250958
759,11.815,239117
760,5.378,238672
761,32.375,299084
762,16.625,206284
763,10.0,283735
764,3.689,234587
765,19.875,291937
766,10.938,283746
767,9.503,279651
768,5.75,234598
769,12.75,275566
770,0.0,299197
771,38.25,234612
772,11.0,266430
773,23.551,210038
774,12.313,276503
775,14.251,291961
776,5.625,299144
777,0.0,299199
778,9.563,296023
779,16.188,230527
780,13.663,222336
781,0.625,287875
782,17.689,275588
783,9.0,267397
784,11.813,255113
785,6.813,234634
786,10.375,201868
787,0.0,299202
788,18.5,293741
789,19.001,239128
790,9.125,275602
791,11.813,255124
792,7.938,281454
793,17.875,243225
794,4.25,299145
795,5.5,248687
796,1.375,299205
797,16.879,234656
798,13.625,269851
799,8.751,283815
800,22.063,255146
801,15.5,234667
802,13.75,289462
803,8.5,201904
804,0.0,299208
805,42.25,292018
806,21.938,279731
807,18.438,292020
808,11.688,255157
809,12.25,234678
810,0.0,299412
811,5.813,234680
812,15.875,283837
813,25.625,279742
814,14.938,292031
815,10.938,255170
816,9.313,234691
817,12.563,222405
818,9.438,283848
819,16.063,279753
820,31.126,292042
821,11.439,271563
822,0.0,299213
823,18.753,222416
824,13.065,210131
825,14.813,275668
826,8.375,283861
827,11.875,246998
828,18.063,294584
829,19.813,255192
830,11.938,247002
831,6.588,222427
832,10.313,248698
833,23.938,289600
834,27.438,247013
835,0.0,299284
836,19.75,222440
837,15.063,279786
838,12.126,292075
839,13.438,295122
840,15.813,267502
841,16.003,234736
842,0.25,206067
843,9.75,279797
844,13.938,292086
845,13.625,288297
846,0.0,299454
847,6.813,263417
848,19.126,271610
849,19.941,234747
850,22.876,299012
851,13.313,290513
852,22.5,292097
853,4.875,279811
854,16.188,292100
855,17.438,288982
856,30.566,234758
857,8.751,234760
858,9.25,284204
859,0.625,210186
860,14.0,290147
861,10.751,279822
862,11.563,292111
863,9.188,259344
864,30.125,247057
865,18.376,218387
866,14.563,251438
867,12.688,278145
868,10.125,279833
869,29.438,267546
870,4.625,247068
871,8.628,255261
872,6.876,234782
873,17.501,218401
874,0.0,299286
875,5.754,210211
876,15.563,275748
877,16.25,292133
878,0.25,269873
879,29.438,247081
880,13.375,282162
881,11.813,210222
882,19.438,286941
883,21.125,267568
884,9.938,271665
885,15.188,267570
886,15.375,247092
887,9.001,234805
888,0.0,299331
889,18.875,206136
890,14.566,210233
891,14.938,292155
892,18.375,288060
893,11.813,263485
894,7.0,247104
895,15.438,296056
896,12.438,292166
897,9.564,275783
898,14.688,271927
899,15.539,206158
900,28.938,292177
901,1.625,288082
902,11.126,267604
903,14.788,247126
904,1.25,234840
905,12.1,284900
906,19.188,292188
907,13.875,288093
908,9.625,275806
909,11.938,267615
910,4.503,247137
911,0.0,299269
912,14.125,248038
913,3.75,206182
914,6.5,279913
915,16.939,267626
916,9.129,259435
917,17.938,247148
918,12.375,247150
919,22.375,257597
920,17.25,206193
921,17.813,219734
922,10.063,275828
923,13.938,267637
924,12.001,271734
925,15.125,285377
926,0.0,299289
927,13.25,206205
928,12.325,279935
929,11.375,292224
930,22.001,284033
931,11.438,267650
932,7.563,234884
933,19.563,242687
934,3.5,206216
935,0.0,299244
936,13.75,288138
937,2.25,291106
938,14.813,259468
939,29.501,243087
940,16.313,267843
941,21.188,289006
942,13.938,292246
943,11.25,275863
944,20.989,267672
945,11.563,255556
946,26.563,243098
947,20.564,234907
948,0.0,299168
949,0.0,299359
950,6.004,296353
951,10.313,288162
952,12.375,271780
953,0.25,234918
954,0.0,299249
955,22.626,292268
956,26.063,252146
957,18.188,292270
958,14.313,292144
959,15.501,279514
960,22.85,247217
961,18.315,251314
962,5.5,234931
963,9.813,279992
964,4.438,278772
965,22.875,247228
966,14.938,255421
967,18.063,234942
968,15.313,292290
969,6.95,288195
970,9.125,292292
971,19.625,280006
972,16.5,247241
973,3.125,202188
974,12.375,273241
975,18.313,288207
976,23.438,292304
977,25.438,292430
978,3.25,230870
979,17.851,288218
980,18.688,208463
981,18.638,275932
982,10.713,293114
983,13.438,251358
984,16.688,243167
985,7.691,226784
986,16.976,230881
987,0.0,299259
988,17.625,292326
989,0.0,299155
990,4.313,280041
991,15.0,243178
992,4.875,298623
993,29.813,230892
994,18.938,290386
995,0.375,206318
996,9.063,210415
997,19.438,292337
998,9.25,284146
999,9.938,271860
1000,10.375,295166
1001,12.064,251382
1002,5.628,243191
1003,29.75,289473
1004,23.813,206331
1005,35.438,292348
1006,19.063,292350
1007,11.563,263680
1008,16.388,251393
1009,14.188,226818
1010,28.688,283063
1011,16.563,206342
1012,7.442,296455
1013,19.188,284168
1014,9.813,251405
1015,14.75,206353
1016,9.875,296466
1017,30.063,288275
1018,18.463,267796
1019,5.065,251416
1020,22.441,241924
1021,15.563,206364
1022,10.625,210461
1023,9.125,275998
1024,12.5,292383
1025,10.688,267808
1026,20.251,267810
1027,16.351,251427
1028,16.838,243236
1029,7.313,289030
1030,12.938,296488
1031,11.625,202281
1032,12.0,296490
1033,0.0,299271
1034,21.438,280108
1035,10.0,276013
1036,30.625,280110
1037,14.813,294493
1038,0.0,299295
1039,36.813,252168
1040,0.625,206386
1041,15.25,210483
1042,20.379,202292
1043,15.0,296502
1044,8.563,260361
1045,3.375,280121
1046,18.064,243258
1047,16.314,243260
1048,34.813,206397
1049,15.063,210528
1050,9.438,271938
1051,12.75,276035
1052,8.375,271940
1053,6.503,228278
1054,15.188,210506
1055,16.688,206411
1056,30.625,288333
1057,11.751,276046
1058,21.0,271951
1059,42.625,279480
1060,32.126,243282
1061,14.063,210517
1062,12.688,288344
1063,24.501,292441
1064,16.638,284250
1065,0.0,299279
1066,13.815,222815
1067,11.941,218720
1068,23.688,284944
1069,10.563,210530
1070,7.625,276068
1071,14.816,259685
1072,12.375,276070
1073,0.0,299281
1074,16.889,243305
1075,18.688,222826
1076,6.315,218731
1077,0.0,299343
1078,13.25,280850
1079,14.5,280176
1080,5.813,264763
1081,16.941,255603
1082,19.875,243316
1083,13.688,281534
1084,15.126,218742
1085,3.375,284603
1086,14.513,210552
1087,12.313,248084
1088,18.713,292474
1089,10.938,276092
1090,25.814,255614
1091,14.063,243327
1092,20.315,256960
1093,29.313,274027
1094,11.625,292485
1095,17.188,288390
1096,14.313,276104
1097,14.25,255625
1098,25.438,272010
1099,11.063,251531
1100,8.938,218764
1101,18.663,210541
1102,10.5,292496
1103,15.5,275395
1104,26.438,272021
1105,8.75,251542
1106,9.5,218775
1107,9.125,290433
1108,14.625,295452
1109,6.25,292508
1110,1.75,203034
1111,17.439,255647
1112,12.563,259696
1113,10.315,218786
1114,6.938,202406
1115,11.875,276081
1116,9.063,284328
1117,17.253,267945
1118,13.813,290570
1119,13.375,243373
1120,14.313,290843
1121,12.563,292532
1122,4.7,284341
1123,46.125,272054
1124,9.313,281545
1125,17.75,243384
1126,39.001,218811
1127,4.875,267967
1128,12.938,284352
1129,22.188,272065
1130,0.0,299297
1131,18.438,267978
1132,13.501,284363
1133,34.25,272076
1134,35.876,255693
1135,15.563,251600
1136,0.0,299299
1137,22.438,292565
1138,13.001,263895
1139,0.0,299300
1140,16.775,251611
1141,15.689,218844
1142,0.0,299252
1143,0.0,299301
1144,14.063,292576
1145,20.75,272098
1146,9.376,260975
1147,23.188,255716
1148,13.313,272101
1149,13.813,251622
1150,5.938,218855
1151,0.0,299303
1152,30.563,255727
1153,0.0,299165
1154,0.625,239345
1155,19.813,279252
1156,0.0,299305
1157,10.063,292760
1158,10.563,292601
1159,19.938,280314
1160,16.013,294527
1161,9.438,251644
1162,4.813,248107
1163,11.063,276228
1164,18.125,272134
1165,11.188,251655
1166,5.813,247560
1167,24.313,293125
1168,12.813,202508
1169,0.0,299309
1170,4.25,259856
1171,28.876,276241
1172,11.188,251666
1173,20.938,249475
1174,9.125,239380
1175,15.813,287022
1176,10.315,3716
1177,13.001,292634
1178,7.688,280347
1179,9.938,276252
1180,22.5,268061
1181,13.0,294802
1182,9.438,227105
1183,0.0,299307
1184,23.003,216027
1185,23.688,281088
1186,18.688,239403
1187,18.063,227116
1188,10.875,229682
1189,1.375,299198
1190,18.688,272008
1191,17.188,272178
1192,11.25,280883
1193,15.563,251702
1194,5.75,227127
1195,0.0,299316
1196,14.625,292667
1197,10.625,284476
1198,12.625,243338
1199,12.775,272191
1200,33.838,247616
1201,16.438,251713
1202,11.128,227138
1203,10.813,260406
1204,12.813,284487
1205,36.001,276296
1206,28.501,280393
1207,45.563,272203
1208,9.188,251724
1209,18.253,202576
1210,1.375,244024
1211,15.876,288594
1212,15.25,280405
1213,48.313,272214
1214,11.003,255831
1215,0.375,227162
1216,20.064,202587
1217,0.0,299322
1218,12.313,288606
1219,10.0,292703
1220,2.125,280416
1221,13.251,264034
1222,11.625,270651
1223,10.128,216038
1224,17.063,202598
1225,18.125,284988
1226,6.315,220135
1227,10.75,276332
1228,10.065,229693
1229,10.063,227184
1230,14.125,289768
1231,10.563,276115
1232,33.263,288628
1233,9.75,296821
1234,19.75,272247
1235,15.251,251768
1236,15.625,251770
1237,10.504,231292
1238,11.253,234793
1239,8.375,292736
1240,0.0,299328
1241,21.563,272258
1242,1.375,299236
1243,0.25,227207
1244,18.126,290455
1245,18.875,288652
1246,6.25,259982
1247,13.938,264080
1248,34.125,227218
1249,19.875,295235
1250,8.313,296854
1251,15.877,274073
1252,26.313,276376
1253,10.776,280473
1254,10.751,237931
1255,11.25,259481
1256,14.563,292771
1257,15.188,272293
1258,25.513,264103
1259,25.375,231337
1260,10.313,288685
1261,28.125,287933
1262,12.251,276401
1263,4.313,255922
1264,14.125,260020
1265,0.0,299337
1266,12.813,288696
1267,14.563,292793
1268,27.438,280507
1269,24.438,272316
1270,12.938,255933
1271,23.5,219073
1272,0.0,299339
1273,10.875,288708
1274,13.938,292805
1275,13.563,251553
1276,10.938,255944
1277,18.251,260428
1278,15.25,219084
1279,11.188,243362
1280,29.625,287170
1281,12.813,288721
1282,7.439,264147
1283,20.188,239950
1284,11.5,287443
1285,41.5,219095
1286,21.5,274084
1287,22.0,296923
1288,8.938,288732
1289,8.876,276445
1290,12.127,264160
1291,0.0,299344
1292,17.725,219107
1293,12.5,292838
1294,15.754,258385
1295,9.0,276456
1296,16.188,207868
1297,0.625,264171
1298,0.0,299346
1299,23.063,219118
1300,19.813,288754
1301,0.0,299310
1302,20.188,219131
1303,0.0,288765
1304,13.313,276478
1305,11.438,280575
1306,17.5,276480
1307,10.625,298667
1308,7.44,209238
1309,12.0,292873
1310,20.875,293171
1311,0.0,299311
1312,12.563,223250
1313,7.813,292884
1314,12.003,248153
1315,2.75,280600
1316,0.0,299354
1317,8.938,288798
1318,9.0,292895
1319,31.213,284705
1320,11.75,276514
1321,11.313,256036
1322,12.063,260133
1323,0.0,299356
1324,0.0,299434
1325,13.375,292907
1326,13.188,288812
1327,24.226,276525
1328,16.0,280622
1329,0.0,299312
1330,11.125,260144
1331,9.938,275464
1332,18.5,297961
1333,15.263,292918
1334,12.75,207881
1335,12.626,256058
1336,9.063,264251
1337,16.288,256060
1338,11.066,279263
1339,12.188,284738
1340,14.563,292931
1341,14.938,280644
1342,14.063,263862
1343,11.688,256071
1344,18.125,286952
1345,10.625,215115
1346,8.625,298703
1347,14.441,288845
1348,12.626,276558
1349,9.625,280655
1350,10.75,260177
1351,10.313,256082
1352,17.875,297048
1353,15.25,239972
1354,10.001,280666
1355,11.063,272475
1356,9.075,260190
1357,0.0,299450
1358,12.25,215137
1359,6.375,223330
1360,23.938,278203
1361,0.0,299391
1362,12.875,284773
1363,13.438,264295
1364,15.001,260202
1365,0.0,299314
1366,28.063,287762
1367,12.375,280688
1368,0.0,299368
1369,15.625,260213
1370,10.251,223352
1371,7.253,211065
1372,12.625,288891
1373,12.688,229738
1374,29.813,256127
1375,22.688,260224
1376,11.69,223363
1377,16.313,211076
1378,20.063,292997
1379,0.0,297094
1380,11.188,276616
1381,9.5,229740
1382,17.066,247946
1383,5.063,260235
1384,14.438,256140
1385,17.375,291950
1386,9.875,298873
1387,0.0,299364
1388,22.688,276627
1389,16.75,280724
1390,12.25,205166
1391,12.938,256151
1392,9.625,295279
1393,9.376,297117
1394,19.626,260257
1395,9.002,256162
1396,10.813,231587
1397,14.502,223396
1398,12.438,274118
1399,1.375,289223
1400,0.0,299377
1401,14.188,288936
1402,18.0,280746
1403,4.0,276651
1404,1.188,260268
1405,1.0,256173
1406,11.625,231598
1407,27.813,215217
1408,9.938,202931
1409,14.063,275486
1410,26.813,286223
1411,5.188,215228
1412,14.875,292554
1413,31.813,288958
1414,2.25,293056
1415,9.438,276673
1416,44.001,256195
1417,11.438,289906
1418,18.375,288971
1419,16.438,276684
1420,14.875,280781
1421,9.126,251597
1422,13.625,284886
1423,0.0,299385
1424,21.75,293080
1425,18.126,239835
1426,13.25,243932
1427,19.875,231645
1428,25.438,239312
1429,23.25,293091
1430,12.438,280804
1431,6.625,239846
1432,5.941,243943
1433,14.375,295292
1434,19.376,215274
1435,11.951,276718
1436,13.564,284911
1437,16.126,276720
1438,9.189,243954
1439,14.85,248051
1440,0.375,215285
1441,20.438,280826
1442,7.813,276731
1443,9.5,280906
1444,13.788,290067
1445,9.5,239870
1446,19.563,245461
1447,13.876,211203
1448,54.815,203012
1449,15.438,284933
1450,24.563,276742
1451,0.0,299393
1452,9.125,243976
1453,29.875,239881
1454,11.563,252170
1455,0.0,299183
1456,30.138,203023
1457,17.688,280848
1458,17.063,289041
1459,10.066,264466
1460,10.125,239892
1461,0.0,299396
1462,12.439,207130
1463,19.313,284955
1464,20.563,289052
1465,6.5,280861
1466,11.563,243998
1467,13.25,248095
1468,2.5,239904
1469,1.375,244002
1470,6.626,239323
1471,15.626,207141
1472,10.688,289063
1473,16.313,293160
1474,11.501,272681
1475,3.625,260394
1476,13.25,239915
1477,16.438,231725
1478,26.375,207152
1479,0.0,299400
1480,0.0,299457
1481,27.875,268595
1482,8.815,249566
1483,0.0,239926
1484,9.438,287113
1485,13.375,248120
1486,8.0,283462
1487,13.816,211260
1488,0.0,299321
1489,3.438,284990
1490,16.25,245472
1491,11.251,248131
1492,14.375,227652
1493,8.563,207174
1494,30.814,211271
1495,11.813,289096
1496,22.375,293193
1497,9.125,268618
1498,20.813,239948
1499,14.125,256333
1500,0.25,248142
1501,0.0,299401
1502,0.0,299458
1503,36.875,207185
1504,15.063,293205
1505,12.625,289110
1506,12.375,260441
1507,31.063,227674
1508,0.0,299407
1509,23.0,293730
1510,27.001,280928
1511,18.313,285025
1512,0.375,248164
1513,32.438,239334
1514,0.0,299186
1515,17.875,293227
1516,15.75,245448
1517,9.876,256366
1518,16.75,248175
1519,4.125,227696
1520,12.5,207221
1521,13.063,293238
1522,14.941,289143
1523,20.875,293240
1524,14.625,256377
1525,17.438,227708
1526,26.301,227710
1527,16.375,207232
1528,18.438,294892
1529,6.628,285058
1530,0.0,299182
1531,0.0,299429
1532,1.375,299187
1533,16.313,260452
1534,28.375,237975
1535,29.063,289165
1536,17.5,293262
1537,19.938,285071
1538,0.0,299416
1539,7.813,227732
1540,12.816,216814
1541,15.188,203158
1542,9.563,297367
1543,10.313,272794
1544,6.75,259823
1545,25.563,256413
1546,33.5,288413
1547,0.0,299419
1548,6.375,293284
1549,14.126,285093
1550,9.0,281000
1551,7.775,227754
1552,8.563,290546
1553,13.563,293295
1554,24.566,289201
1555,16.438,256435
1556,8.45,227765
1557,12.251,278260
1558,22.126,293307
1559,2.376,289212
1560,12.251,292064
1561,19.125,249590
1562,9.188,293318
1563,13.875,283041
1564,45.25,293320
1565,11.313,264650
1566,17.125,227787
1567,7.313,262562
1568,0.25,281044
1569,15.625,297380
1570,20.188,297436
1571,18.316,255738
1572,0.813,281055
1573,16.525,234576
1574,14.44,264956
1575,0.0,299171
1576,10.563,273321
1577,8.038,276968
1578,12.688,239356
1579,6.25,281066
1580,19.438,281682
1581,9.513,215536
1582,21.875,297460
1583,25.0,264694
1584,25.738,295337
1585,11.625,227834
1586,11.125,274858
1587,15.625,293375
1588,19.938,272896
1589,10.563,281090
1590,0.0,299435
1591,8.625,277244
1592,0.0,299436
1593,14.25,293386
1594,25.563,287831
1595,0.0,299325
1596,25.876,264717
1597,20.564,281102
1598,13.375,262573
1599,19.625,211475
1600,0.0,299415
1601,6.875,289303
1602,16.625,293400
1603,15.813,264730
1604,19.5,297391
1605,49.938,203295
1606,0.0,299465
1607,18.563,293411
1608,27.938,256548
1609,9.439,264741
1610,4.188,203307
1611,5.878,295510
1612,0.0,299433
1613,9.063,272943
1614,10.313,264752
1615,10.25,298760
1616,0.0,299443
1617,27.003,219701
1618,14.688,203318
1619,10.625,297527
1620,15.0,203320
1621,25.5,293433
1622,12.188,260667
1623,2.5,265994
1624,7.878,219712
1625,9.375,297538
1626,13.688,289347
1627,11.25,295350
1628,13.626,264774
1629,6.564,234827
1630,8.875,257804
1631,7.063,223818
1632,1.75,215627
1633,9.626,223820
1634,11.0,296034
1635,16.938,245517
1636,10.875,285264
1637,0.0,299448
1638,4.0,256594
1639,14.626,275555
1640,0.0,215638
1641,16.875,223831
1642,12.625,293466
1643,16.313,289371
1644,19.751,277084
1645,10.94,281181
1646,0.0,299267
1647,12.313,219745
1648,23.813,207458
1649,9.625,297403
1650,9.563,289382
1651,22.5,272145
1652,4.688,264808
1653,23.064,238012
1654,13.438,264810
1655,14.441,223853
1656,12.788,215662
1657,0.0,299453
1658,17.25,293488
1659,10.375,298771
1660,12.439,295521
1661,6.375,248437
1662,10.5,256630
1663,17.688,219767
1664,0.0,215673
1665,18.813,207482
1666,0.0,299468
1667,5.75,277118
1668,13.813,248448
1669,32.375,219778
1670,10.501,223875
1671,31.938,219780
1672,11.751,295361
1673,22.0,289416
1674,37.0,250504
1675,27.438,260747
1676,12.813,248461
1677,15.876,219791
1678,11.438,249624
1679,2.5,297026
1680,14.875,289427
1681,13.938,293524
1682,23.63,281237
1683,10.563,272327
1684,0.0,299460
1685,4.065,229146
1686,5.5,297631
1687,18.313,285344
1688,16.001,297414
1689,0.25,219814
1690,11.563,272156
1691,11.438,229831
1692,21.25,256685
1693,13.188,251677
1694,47.375,219825
1695,13.001,293557
1696,14.0,285366
1697,15.938,277175
1698,17.127,281272
1699,17.251,260793
1700,15.875,219836
1701,0.0,299466
1702,18.125,293568
1703,11.126,260326
1704,14.25,219847
1705,18.125,295372
1706,14.438,285388
1707,29.0,277197
1708,15.5,287181
1709,38.251,260816
1710,12.375,283768
1711,12.188,244434
1712,15.75,289495
1713,14.75,253732
1714,11.25,260736
1715,1.25,277211
1716,10.375,244445
1717,18.938,289507
1718,12.875,277222
1719,23.25,244456
1720,15.939,289518
1721,19.125,293615
1722,15.375,285424
1723,14.75,277233
1724,19.625,244467
1725,19.313,232182
1726,23.876,294562
1727,1.375,285140
1728,16.625,293626
1729,16.25,285435
1730,14.813,273148
1731,13.001,260862
1732,0.0,299336
1733,0.25,232193
1734,11.688,293637
1735,14.626,285446
1736,5.375,277255
1737,16.375,256776
1738,10.938,290604
1739,11.501,290912
1740,21.188,295383
1741,2.375,219723
1742,12.441,232205
1743,14.813,273695
1744,1.25,289553
1745,11.75,277266
1746,11.5,296067
1747,22.939,260884
1748,16.688,279560
1749,59.388,291972
1750,14.688,285468
1751,0.0,299375
1752,18.688,245552
1753,20.563,232227
1754,6.628,215844
1755,24.253,299085
1756,30.563,273194
1757,0.0,260907
1758,14.438,256812
1759,14.125,263986
1760,21.125,232238
1761,12.063,232240
1762,19.75,289586
1763,18.438,293683
1764,11.938,290466
1765,10.5,260918
1766,9.751,269111
1767,13.126,260920
1768,25.063,289597
1769,22.063,293694
1770,6.625,298805
1771,5.5,285504
1772,10.438,277313
1773,23.813,285184
1774,14.625,293706
1775,14.688,285515
1776,12.876,277324
1777,21.563,283108
1778,16.628,248654
1779,0.0,299446
1780,10.375,293717
1781,34.063,289622
1782,2.313,277335
1783,9.938,265048
1784,21.566,260953
1785,6.253,295111
1786,20.938,219621
1787,28.125,277346
1788,11.813,248676
1789,12.563,258534
1790,6.625,288572
1791,14.251,297447
1792,17.063,289644
1793,17.938,224402
1794,6.688,256878
1795,12.188,273263
1796,15.563,256880
1797,0.25,215924
1798,8.875,207733
1799,18.251,297846
1800,13.5,289655
1801,10.25,273274
1802,34.126,248701
1803,23.0,207744
1804,19.875,273285
1805,12.563,256903
1806,10.875,283110
1807,4.94,297868
1808,15.688,293774
1809,9.813,256914
1810,14.628,248723
1811,11.566,261012
1812,4.875,293067
1813,13.875,289688
1814,22.313,293785
1815,54.563,289690
1816,13.5,248734
1817,25.813,291312
1818,20.939,297892
1819,8.813,277415
1820,10.501,265128
1821,14.878,248745
1822,7.813,240555
1823,21.315,203694
1824,14.625,297904
1825,12.813,289713
1826,5.125,277426
1827,0.0,299342
1828,7.563,240566
1829,12.753,228280
1830,11.878,217588
1831,10.938,207802
1832,36.626,297915
1833,16.0,289724
1834,13.25,277437
1835,13.813,216962
1836,13.503,248767
1837,10.688,261056
1838,42.525,240577
1839,14.188,236482
1840,0.0,299157
1841,17.063,297926
1842,42.063,289735
1843,19.313,277448
1844,5.625,269257
1845,6.688,277450
1846,20.754,240590
1847,11.063,228303
1848,18.063,207824
1849,22.313,297937
1850,45.563,289746
1851,8.001,293843
1852,21.95,228314
1853,23.813,207835
1854,17.313,297948
1855,9.25,297950
1856,22.938,277472
1857,22.879,228325
1858,23.503,207846
1859,6.875,211943
1860,16.625,216040
1861,13.5,293865
1862,15.438,289770
1863,8.875,290342
1864,9.751,281580
1865,29.588,228336
1866,11.438,220146
1867,16.125,297972
1868,29.813,289781
1869,23.0,228347
1870,16.75,236540
1871,1.625,211965
1872,13.75,207870
1873,6.125,259925
1874,16.313,289792
1875,17.375,276992
1876,12.502,290752
1877,23.001,228358
1878,3.875,236551
1879,12.813,211976
1880,8.925,216073
1881,17.626,297994
1882,17.375,251735
1883,15.313,289804
1884,0.0,299345
1885,22.0,236562
1886,20.188,207892
1887,0.0,299370
1888,29.938,289815
1889,11.876,290832
1890,19.5,203808
1891,13.813,295430
1892,5.253,224297
1893,0.0,299452
1894,12.813,203821
1895,16.316,257074
1896,7.313,232502
1897,8.566,254473
1898,2.5,289848
1899,18.313,281658
1900,16.625,257085
1901,17.5,246965
1902,5.94,228416
1903,17.0,284512
1904,17.315,203843
1905,9.188,289861
1906,11.375,263827
1907,12.125,281671
1908,0.0,299347
1909,24.25,207948
1910,14.253,251746
1911,27.1,207950
1912,17.5,277585
1913,12.503,269394
1914,9.438,257108
1915,24.0,207961
1916,0.0,299425
1917,15.0,289883
1918,0.25,227173
1919,12.75,299125
1920,8.626,212070
1921,22.5,295441
1922,10.813,269417
1923,9.188,261227
1924,6.066,232557
1925,18.313,207983
1926,20.938,285982
1927,22.753,298100
1928,12.75,277621
1929,13.1,265334
1930,14.25,288617
1931,14.188,261240
1932,13.713,254484
1933,10.5,207994
1934,10.5,220283
1935,11.751,289917
1936,10.875,298111
1937,19.125,269441
1938,11.313,284523
1939,5.691,224390
1940,9.188,208007
1941,13.313,289928
1942,11.501,289930
1943,20.501,269452
1944,11.438,208018
1945,8.375,292953
1946,15.013,208020
1947,13.188,289941
1948,32.375,240794
1949,27.75,208031
1950,66.25,285856
1951,0.0,299350
1952,10.938,240806
1953,18.376,203945
1954,16.25,208042
1955,14.813,289963
1956,0.0,299371
1957,11.451,265391
1958,20.313,287944
1959,12.438,203956
1960,10.063,208053
1961,11.828,298166
1962,0.0,299262
1963,11.75,258591
1964,3.0,203967
1965,17.813,289985
1966,20.813,246987
1967,14.501,244935
1968,7.563,261320
1969,9.5,289996
1970,18.75,208075
1971,19.438,203980
1972,0.775,298190
1973,7.438,277712
1974,12.0,236755
1975,17.813,224468
1976,11.501,234975
1977,14.375,203991
1978,13.251,281818
1979,21.438,236766
1980,0.0,299352
1981,8.504,259253
1982,14.25,204004
1983,9.376,277734
1984,18.563,281831
1985,43.501,240874
1986,38.44,204015
1987,0.0,299426
1988,12.003,265458
1989,14.063,257267
1990,8.378,236788
1991,17.626,216313
1992,12.5,204026
1993,22.938,277756
1994,12.564,273662
1995,28.125,240896
1996,12.441,254507
1997,15.563,275670
1998,19.688,237441
1999,10.5,290056
2000,10.875,297516
2001,12.688,265482
2002,27.625,245005
2003,19.751,240910
2004,0.0,299287
2005,24.575,251096
2006,10.563,285971
2007,18.563,210563
2008,7.25,298268
2009,38.751,285914
2010,18.501,281886
2011,19.125,277791
2012,0.0,290080
2013,16.25,277040
2014,17.35,290216
2015,28.539,294790
2016,0.0,299290
2017,14.688,281897
2018,13.75,290091
2019,11.625,216368
2020,20.125,286600
2021,18.127,216370
2022,9.875,277814
2023,14.375,281911
2024,14.938,261433
2025,14.875,216381
2026,9.563,277825
2027,6.813,281922
2028,31.313,257347
2029,10.563,254518
2030,9.0,277836
2031,23.5,281933
2032,32.813,240976
2033,10.688,250424
2034,5.191,298281
2035,8.938,277847
2036,14.813,281944
2037,9.75,249178
2038,39.188,240987
2039,16.413,248073
2040,8.563,234725
2041,18.125,298337
2042,30.5,277858
2043,14.125,277051
2044,12.1,277860
2045,11.813,257382
2046,15.191,245095
2047,27.875,241002
2048,17.875,204141
2049,15.125,281966
2050,14.875,290160
2051,0.75,257393
2052,11.5,287294
2053,23.25,204152
2054,10.438,288173
2055,8.938,241800
2056,16.188,290171
2057,7.125,3306
2058,18.626,261502
2059,21.063,266816
2060,33.063,204163
2061,9.5,281988
2062,26.688,273797
2063,12.563,290182
2064,12.25,284567
2065,14.375,204174
2066,11.375,286096
2067,10.563,277905
2068,11.063,273811
2069,12.501,298372
2070,14.375,277916
2071,13.688,290205
2072,24.5,265631
2073,6.375,247024
2074,10.689,277062
2075,11.125,298406
2076,16.313,277927
2077,2.313,269736
2078,14.688,282025
2079,1.375,299174
2080,22.938,288993
2081,9.5,290034
2082,23.313,294813
2083,16.438,277938
2084,2.375,269747
2085,8.625,277940
2086,4.75,257462
2087,10.314,282047
2088,17.253,261568
2089,14.938,245186
2090,0.0,3523
2091,14.001,290262
2092,2.875,291174
2093,14.188,277962
2094,11.063,290251
2095,22.938,282060
2096,7.251,261581
2097,11.875,298678
2098,13.125,245200
2099,8.0,298691
2100,7.816,254542
2101,13.626,265686
2102,12.125,282071
2103,15.003,218753
2104,0.0,245211
2105,0.0,299245
2106,11.751,273888
2107,13.813,265697
2108,11.125,282082
2109,0.25,3556
2110,11.563,290284
2111,8.438,282093
2112,15.751,258580
2113,3.376,265711
2114,20.188,294824
2115,9.813,290295
2116,12.0,278008
2117,8.75,273913
2118,7.438,3580
2119,10.813,287317
2120,16.938,290307
2121,8.325,282116
2122,19.875,265733
2123,4.25,3591
2124,11.625,298680
2125,14.75,237485
2126,24.563,290320
2127,4.44,3603
2128,9.125,273946
2129,11.188,278043
2130,10.501,292543
2131,15.501,292816
2132,12.375,247046
2133,4.938,278054
2134,8.875,245288
2135,16.563,289952
2136,23.379,200238
2137,11.438,280132
2138,23.875,278065
2139,8.313,273970
2140,14.751,245302
2141,13.688,286267
2142,17.063,269884
2143,8.625,273981
2144,6.376,290741
2145,0.0,299447
2146,8.625,208452
2147,5.175,298565
2148,15.063,290375
2149,20.063,273992
2150,7.938,296227
2151,1.0,220751
2152,10.251,298576
2153,10.0,278098
2154,0.0,299292
2155,1.375,299228
2156,14.063,288014
2157,10.0,247263
2158,9.563,254564
2159,9.188,285162
2160,0.25,290397
2161,12.0,269918
2162,8.875,282207
2163,8.938,269920
2164,10.625,257633
2165,16.438,237155
2166,21.875,225894
2167,7.125,294505
2168,13.688,269931
2169,5.7,3693
2170,0.0,299374
2171,0.0,299207
2172,0.0,299229
2173,10.125,234771
2174,12.625,294846
2175,13.563,269942
2176,19.313,257655
2177,10.09,3705
2178,4.188,241274
2179,9.313,290364
2180,13.438,269953
2181,11.938,257666
2182,11.688,274051
2183,9.378,237188
2184,0.0,299366
2185,8.875,281226
2186,9.625,298634
2187,14.063,290444
2188,11.563,274062
2189,0.0,299230
2190,14.251,253891
2191,7.875,298645
2192,19.126,288025
2193,19.813,261785
2194,4.563,237213
2195,9.875,298656
2196,9.626,293455
2197,22.501,278178
2198,24.063,261796
2199,9.375,245415
2200,35.875,233130
2201,3.813,276423
2202,3.313,204460
2203,9.438,294573
2204,1.375,299231
2205,10.788,290502
2206,4.0,261810
2207,4.625,247070
2208,18.0,284501
2209,16.563,294857
2210,18.038,290488
2211,10.25,282297
2212,10.438,290490
2213,12.0,274107
2214,12.625,245437
2215,19.566,237246
2216,14.313,264821
2217,0.0,299320
2218,10.563,294595
2219,0.0,278214
2220,9.188,257735
2221,0.0,274120
2222,15.875,253641
2223,4.375,229066
2224,17.588,294607
2225,10.0,278225
2226,11.0,274131
2227,17.038,253652
2228,4.0,229077
2229,32.063,220886
2230,13.5,262777
2231,14.391,299096
2232,14.438,279844
2233,9.001,294618
2234,12.501,290524
2235,6.313,274142
2236,11.064,229088
2237,21.817,220897
2238,27.751,229090
2239,28.563,216803
2240,0.25,220900
2241,9.125,298725
2242,13.251,290535
2243,2.438,257768
2244,9.628,249577
2245,11.375,245483
2246,0.0,3820
2247,10.628,229102
2248,4.128,298736
2249,16.813,278258
2250,15.189,255955
2251,0.0,274164
2252,14.563,245494
2253,0.0,3831
2254,16.066,216825
2255,16.875,220922
2256,10.375,298747
2257,10.251,294653
2258,11.251,286462
2259,15.126,274175
2260,10.876,257792
2261,13.563,264832
2262,17.938,245506
2263,13.79,216836
2264,26.939,220933
2265,8.875,298758
2266,17.563,294664
2267,21.126,286473
2268,5.938,274186
2269,22.501,253708
2270,12.013,240258
2271,9.751,216847
2272,36.625,208656
2273,8.063,294675
2274,21.876,274197
2275,45.313,245528
2276,7.44,216858
2277,13.188,288047
2278,13.378,216860
2279,15.75,294686
2280,10.25,286495
2281,17.626,278305
2282,22.127,266018
2283,14.938,274211
2284,14.126,266020
2285,44.751,245541
2286,13.438,208678
2287,16.688,208680
2288,21.625,286507
2289,13.814,278316
2290,18.125,249646
2291,42.875,229168
2292,11.938,254600
2293,0.0,299405
2294,16.688,290331
2295,1.5,286518
2296,25.188,249657
2297,25.563,216893
2298,11.815,249453
2299,9.375,298816
2300,15.188,260064
2301,13.376,278338
2302,12.125,286531
2303,12.876,274244
2304,14.875,273718
2305,10.127,290785
2306,12.375,216905
2307,4.125,290103
2308,14.625,286690
2309,11.813,278351
2310,18.875,245585
2311,7.375,233301
2312,11.188,292417
2313,18.04,294744
2314,10.877,290650
2315,5.125,275087
2316,13.313,237406
2317,13.314,233312
2318,8.938,294755
2319,5.878,296934
2320,17.438,245608
2321,15.375,216938
2322,19.563,288743
2323,33.875,216940
2324,15.563,278384
2325,28.563,292840
2326,7.315,274290
2327,24.563,254611
2328,15.189,245621
2329,20.626,259275
2330,17.188,216951
2331,18.253,297620
2332,20.813,286586
2333,20.0,278395
2334,16.188,257917
2335,2.75,274302
2336,6.351,285333
2337,30.813,245632
2338,0.25,234816
2339,9.188,225154
2340,11.313,286597
2341,10.938,290694
2342,15.0,278407
2343,12.813,257928
2344,16.875,274313
2345,23.938,290114
2346,17.75,298896
2347,9.188,290706
2348,14.439,286611
2349,51.75,278420
2350,19.088,216984
2351,9.988,298907
2352,17.75,290717
2353,8.125,245665
2354,14.69,262050
2355,11.625,298918
2356,9.313,290728
2357,20.25,286633
2358,14.788,290730
2359,11.94,262061
2360,18.876,262813
2361,24.688,294835
2362,14.063,286644
2363,17.375,254622
2364,10.875,282550
2365,0.0,299240
2366,19.438,293648
2367,21.314,286655
2368,48.438,278464
2369,7.125,282561
2370,14.875,298714
2371,16.125,262083
2372,12.375,286028
2373,4.5,286666
2374,12.503,257996
2375,11.878,262094
2376,23.75,290125
2377,10.063,258000
2378,18.563,295587
2379,25.314,294868
2380,13.375,286677
2381,20.126,294870
2382,10.69,287396
2383,21.251,290810
2384,22.625,208862
2385,8.688,298976
2386,7.938,257360
2387,20.125,282594
2388,7.601,296160
2389,11.376,225256
2390,20.401,290796
2391,8.125,286702
2392,0.25,250550
2393,9.188,262128
2394,14.625,225267
2395,12.691,290240
2396,11.563,292862
2397,22.188,278522
2398,11.75,262141
