,edu_course_cnt,edu_course_time,id
0,8.0,0.0,3306
1,0.0,0.0,3523
2,41.0,0.0,3556
3,10.0,0.0,3580
4,8.0,0.0,3591
5,9.0,0.0,3603
6,0.0,0.0,3693
7,17.0,0.0,3705
8,0.0,0.0,3716
9,0.0,0.0,3820
10,0.0,0.0,3831
11,9.0,39.0,200238
12,35.0,368.5,201130
13,27.0,259.5,201196
14,36.0,344.5,201208
15,7.0,60.5,201380
16,NA,NA,201447
17,7.0,41.0,201868
18,5.0,28.5,201904
19,4.0,34.0,202188
20,8.0,49.0,202270
21,14.0,49.5,202281
22,19.0,78.0,202292
23,6.0,15.0,202406
24,6.0,56.0,202508
25,12.0,81.5,202576
26,5.0,29.0,202587
27,9.0,100.0,202598
28,9.0,83.5,202931
29,38.0,321.0,203012
30,9.0,114.0,203023
31,2.0,9.5,203034
32,19.0,51.5,203158
33,32.0,342.5,203295
34,5.0,49.0,203307
35,14.0,56.5,203318
36,8.0,48.0,203320
37,2.0,6.0,203694
38,21.0,0.0,203808
39,NA,NA,203821
40,5.0,16.0,203843
41,9.0,55.5,203945
42,6.0,19.5,203956
43,6.0,14.5,203967
44,6.0,77.5,203980
45,4.0,25.0,203991
46,7.0,86.5,204004
47,13.0,68.0,204015
48,8.0,30.0,204026
49,11.0,52.0,204130
50,5.0,33.5,204141
51,8.0,94.5,204152
52,4.0,24.0,204163
53,7.0,68.0,204174
54,7.0,22.0,204460
55,5.0,10.5,204926
56,7.0,45.5,205166
57,7.0,44.5,205326
58,5.0,20.5,205428
59,29.0,318.0,205441
60,7.0,35.5,205452
61,11.0,36.5,205463
62,17.0,238.5,205508
63,21.0,104.0,205714
64,27.0,293.5,205851
65,NA,NA,205862
66,NA,NA,206067
67,8.0,71.5,206136
68,12.0,75.5,206158
69,13.0,141.5,206182
70,6.0,74.5,206193
71,7.0,52.0,206205
72,3.0,26.0,206216
73,6.0,61.5,206284
74,2.0,6.0,206318
75,13.0,109.5,206331
76,8.0,86.5,206342
77,7.0,82.0,206353
78,8.0,71.5,206364
79,2.0,6.0,206386
80,28.0,261.5,206397
81,8.0,54.5,206411
82,5.0,18.0,207130
83,10.0,69.5,207141
84,7.0,57.5,207152
85,2.0,5.5,207174
86,27.0,259.5,207185
87,3.0,11.0,207221
88,7.0,33.0,207232
89,5.0,79.5,207458
90,5.0,22.5,207482
91,5.0,45.0,207733
92,10.0,79.5,207744
93,3.0,73.0,207802
94,12.0,53.5,207824
95,2.0,32.0,207835
96,6.0,35.5,207846
97,8.0,82.0,207868
98,7.0,65.0,207870
99,6.0,17.0,207881
100,12.0,91.5,207892
101,9.0,87.5,207948
102,5.0,52.0,207950
103,8.0,80.5,207961
104,7.0,48.5,207983
105,9.0,51.0,207994
106,12.0,94.5,208007
107,31.0,317.5,208018
108,5.0,44.0,208020
109,9.0,95.5,208031
110,6.0,39.0,208042
111,9.0,41.5,208053
112,9.0,73.5,208075
113,8.0,75.5,208452
114,9.0,41.0,208463
115,5.0,35.5,208645
116,30.0,338.0,208656
117,7.0,52.5,208678
118,9.0,42.5,208680
119,11.0,137.5,208862
120,2.0,6.0,208964
121,11.0,70.5,209125
122,6.0,18.5,209238
123,6.0,15.5,209240
124,13.0,39.0,209262
125,10.0,99.5,209273
126,7.0,55.5,209284
127,11.0,110.5,209295
128,7.0,72.5,209307
129,9.0,95.5,209331
130,34.0,277.5,209342
131,11.0,70.5,209353
132,1.0,16.0,209898
133,16.0,79.5,209912
134,3.0,13.5,209980
135,16.0,152.0,210038
136,10.0,49.5,210131
137,NA,NA,210186
138,8.0,17.5,210211
139,2.0,6.0,210222
140,13.0,37.0,210233
141,2.0,21.5,210415
142,4.0,8.5,210461
143,7.0,53.5,210483
144,5.0,30.5,210506
145,4.0,32.5,210517
146,2.0,17.5,210528
147,2.0,21.5,210530
148,11.0,40.5,210541
149,6.0,29.5,210552
150,8.0,77.0,210563
151,19.0,0.0,211065
152,11.0,92.0,211076
153,6.0,49.5,211203
154,6.0,24.5,211260
155,17.0,35.0,211271
156,9.0,51.5,211475
157,12.0,41.0,211943
158,5.0,12.0,211965
159,1.0,3.0,211976
160,3.0,19.0,212070
161,1.0,20.0,213016
162,11.0,18.5,213040
163,3.0,4.0,213062
164,3.0,14.5,213084
165,6.0,57.5,213107
166,11.0,36.5,213118
167,5.0,10.0,213120
168,3.0,7.5,213131
169,15.0,0.0,213142
170,11.0,24.0,213153
171,10.0,60.5,213175
172,3.0,24.5,213186
173,6.0,38.5,213197
174,10.0,124.0,213211
175,6.0,12.5,213233
176,4.0,46.0,213461
177,4.0,8.0,213528
178,12.0,40.0,213585
179,6.0,25.5,215115
180,3.0,7.5,215137
181,10.0,93.5,215217
182,5.0,12.0,215228
183,8.0,65.0,215274
184,4.0,11.0,215285
185,7.0,25.0,215536
186,NA,NA,215627
187,NA,NA,215638
188,11.0,63.5,215662
189,6.0,83.5,215673
190,8.0,19.5,215844
191,NA,NA,215924
192,15.0,95.0,216027
193,5.0,15.5,216038
194,3.0,27.0,216040
195,NA,NA,216073
196,8.0,31.0,216313
197,10.0,44.0,216368
198,11.0,33.5,216370
199,6.0,51.0,216381
200,6.0,72.5,216803
201,13.0,49.0,216814
202,16.0,39.0,216825
203,8.0,21.5,216836
204,5.0,11.0,216847
205,5.0,13.5,216858
206,10.0,25.0,216860
207,10.0,85.5,216893
208,6.0,48.0,216905
209,14.0,90.5,216938
210,10.0,110.5,216940
211,15.0,75.5,216951
212,12.0,99.0,216962
213,10.0,75.5,216984
214,11.0,34.5,217316
215,3.0,4.5,217338
216,4.0,45.0,217577
217,9.0,23.5,217588
218,11.0,27.0,217635
219,4.0,6.5,217704
220,8.0,31.5,217715
221,5.0,24.0,218183
222,4.0,17.5,218387
223,6.0,30.0,218401
224,8.0,77.0,218478
225,3.0,14.0,218720
226,2.0,3.0,218731
227,4.0,6.5,218742
228,9.0,24.0,218753
229,3.0,4.5,218764
230,1.0,1.0,218775
231,9.0,25.0,218786
232,5.0,30.0,218811
233,11.0,40.5,218844
234,2.0,3.0,218855
235,6.0,69.5,219073
236,4.0,29.5,219084
237,29.0,295.0,219095
238,8.0,77.0,219107
239,6.0,45.5,219118
240,10.0,91.0,219131
241,5.0,28.5,219621
242,14.0,85.5,219701
243,NA,NA,219712
244,7.0,61.0,219723
245,15.0,66.5,219734
246,8.0,38.5,219745
247,10.0,60.0,219767
248,10.0,100.5,219778
249,7.0,74.0,219780
250,8.0,55.0,219791
251,1.0,3.0,219814
252,28.0,296.5,219825
253,1.0,16.0,219836
254,9.0,69.0,219847
255,7.0,17.5,220135
256,11.0,43.0,220146
257,7.0,85.0,220283
258,1.0,1.5,220751
259,28.0,267.5,220886
260,13.0,48.0,220897
261,NA,NA,220900
262,4.0,58.0,220922
263,13.0,42.0,220933
264,7.0,9.0,221253
265,1.0,3.0,221457
266,4.0,41.0,221470
267,6.0,14.0,221481
268,10.0,24.5,221492
269,9.0,37.5,221504
270,4.0,9.0,221515
271,10.0,24.5,221526
272,8.0,72.0,222336
273,11.0,54.0,222405
274,12.0,43.5,222416
275,1.0,3.0,222427
276,6.0,71.0,222440
277,4.0,29.5,222815
278,5.0,30.0,222826
279,6.0,69.0,223250
280,NA,NA,223330
281,9.0,37.0,223352
282,7.0,37.5,223363
283,17.0,39.5,223396
284,7.0,14.0,223818
285,11.0,55.0,223820
286,4.0,9.0,223831
287,7.0,18.0,223853
288,7.0,55.5,223875
289,12.0,40.0,224297
290,15.0,31.0,224390
291,7.0,67.0,224402
292,7.0,60.0,224468
293,8.0,30.0,225154
294,NA,NA,225256
295,2.0,2.5,225267
296,6.0,32.0,225416
297,0.0,0.0,225644
298,8.0,75.5,225872
299,13.0,143.5,225894
300,4.0,11.0,225906
301,13.0,95.0,225917
302,11.0,59.5,225928
303,9.0,57.0,225930
304,4.0,13.5,225941
305,11.0,28.5,225952
306,6.0,55.5,225963
307,4.0,6.0,225974
308,13.0,110.0,225996
309,32.0,360.0,226033
310,3.0,4.5,226784
311,2.0,6.0,226818
312,4.0,9.5,227105
313,9.0,94.5,227116
314,1.0,3.0,227127
315,11.0,24.0,227138
316,NA,NA,227162
317,NA,NA,227173
318,6.0,32.5,227184
319,NA,NA,227207
320,14.0,90.0,227218
321,8.0,77.0,227652
322,15.0,117.0,227674
323,NA,NA,227696
324,11.0,70.5,227708
325,14.0,39.0,227710
326,6.0,67.5,227732
327,7.0,70.0,227754
328,8.0,71.5,227765
329,6.0,37.0,227787
330,2.0,33.0,227834
331,9.0,31.0,228278
332,12.0,35.5,228280
333,9.0,41.0,228303
334,6.0,55.5,228314
335,16.0,39.5,228325
336,7.0,62.5,228336
337,5.0,13.5,228347
338,10.0,30.0,228358
339,9.0,21.0,228416
340,3.0,26.0,229066
341,8.0,76.0,229077
342,15.0,42.0,229088
343,13.0,34.0,229090
344,10.0,31.0,229102
345,17.0,45.0,229146
346,32.0,324.5,229168
347,10.0,25.5,229625
348,14.0,55.5,229636
349,8.0,19.5,229660
350,16.0,69.5,229671
351,11.0,27.0,229682
352,9.0,21.0,229693
353,6.0,24.5,229705
354,3.0,23.0,229716
355,10.0,42.5,229727
356,5.0,39.0,229738
357,5.0,51.5,229740
358,5.0,41.0,229751
359,5.0,46.5,229762
360,11.0,75.5,229784
361,14.0,65.0,229795
362,7.0,27.5,229818
363,9.0,21.0,229820
364,2.0,4.5,229831
365,3.0,7.5,230152
366,2.0,4.5,230276
367,5.0,9.5,230527
368,2.0,6.0,230870
369,7.0,52.5,230881
370,13.0,62.0,230892
371,15.0,29.5,231292
372,10.0,97.5,231337
373,8.0,31.5,231587
374,6.0,63.5,231598
375,2.0,6.0,231645
376,2.0,19.0,231725
377,9.0,22.0,232182
378,6.0,14.0,232193
379,10.0,27.5,232205
380,10.0,94.0,232227
381,14.0,162.5,232238
382,4.0,44.0,232240
383,13.0,40.0,232502
384,11.0,26.0,232557
385,25.0,253.5,233130
386,3.0,5.5,233301
387,8.0,43.5,233312
388,6.0,31.5,233631
389,7.0,26.5,233711
390,12.0,40.0,233733
391,NA,NA,233835
392,6.0,20.0,233857
393,11.0,18.0,234007
394,4.0,27.5,234111
395,10.0,0.0,234257
396,NA,NA,234532
397,2.0,27.0,234543
398,NA,NA,234576
399,2.0,3.0,234587
400,8.0,39.5,234598
401,5.0,16.5,234612
402,9.0,19.5,234634
403,11.0,25.5,234656
404,2.0,3.0,234667
405,NA,NA,234678
406,3.0,11.0,234680
407,7.0,36.0,234691
408,4.0,9.0,234725
409,16.0,134.0,234736
410,NA,NA,234747
411,19.0,145.0,234758
412,4.0,59.5,234760
413,4.0,28.5,234771
414,9.0,17.0,234782
415,10.0,28.5,234793
416,9.0,22.0,234805
417,NA,NA,234816
418,3.0,57.5,234827
419,1.0,3.0,234840
420,2.0,3.0,234884
421,11.0,41.0,234907
422,3.0,28.5,234918
423,4.0,8.0,234931
424,9.0,71.5,234942
425,1.0,1.5,234975
426,4.0,13.0,234986
427,2.0,24.0,236482
428,3.0,57.0,236540
429,10.0,93.0,236551
430,3.0,5.0,236562
431,5.0,43.0,236755
432,12.0,46.0,236766
433,8.0,20.5,236788
434,11.0,46.0,237155
435,11.0,35.5,237188
436,5.0,12.0,237213
437,1.0,8.0,237246
438,6.0,25.5,237406
439,5.0,32.5,237441
440,5.0,29.0,237474
441,7.0,82.5,237485
442,9.0,24.5,237703
443,6.0,35.5,237714
444,4.0,20.5,237725
445,12.0,42.0,237931
446,38.0,310.5,237942
447,12.0,61.0,237964
448,8.0,70.0,237975
449,12.0,36.0,237986
450,17.0,39.0,237997
451,18.0,90.5,238012
452,4.0,22.0,238023
453,9.0,21.0,238672
454,1.0,1.5,238956
455,6.0,9.5,239117
456,11.0,38.0,239128
457,8.0,74.5,239312
458,13.0,69.0,239323
459,13.0,62.5,239334
460,2.0,6.0,239345
461,2.0,5.0,239356
462,2.0,6.0,239367
463,9.0,40.5,239378
464,2.0,6.0,239380
465,8.0,36.0,239403
466,17.0,91.0,239835
467,2.0,6.0,239846
468,4.0,37.5,239870
469,8.0,10.5,239881
470,9.0,36.5,239892
471,3.0,23.5,239904
472,5.0,31.5,239915
473,4.0,76.0,239926
474,7.0,35.5,239948
475,7.0,102.0,239950
476,6.0,81.0,239972
477,2.0,9.5,240258
478,15.0,46.0,240327
479,5.0,30.0,240555
480,7.0,27.5,240566
481,26.0,258.0,240577
482,9.0,22.5,240590
483,23.0,271.5,240794
484,5.0,24.0,240806
485,26.0,292.0,240874
486,13.0,207.5,240896
487,27.0,259.5,240910
488,29.0,316.5,240976
489,28.0,294.0,240987
490,27.0,259.5,241002
491,5.0,11.0,241274
492,4.0,39.0,241800
493,5.0,25.5,241811
494,14.0,36.5,241924
495,7.0,104.5,241935
496,9.0,22.5,241946
497,1.0,1.5,241957
498,2.0,7.0,241970
499,3.0,28.0,241981
500,5.0,26.5,241992
501,8.0,61.0,242370
502,4.0,13.0,242392
503,10.0,98.5,242437
504,NA,NA,242448
505,14.0,0.0,242450
506,6.0,27.0,242461
507,1.0,20.0,242472
508,10.0,186.0,242483
509,5.0,25.0,242506
510,8.0,77.5,242517
511,9.0,23.0,242528
512,4.0,29.0,242541
513,5.0,31.5,242552
514,6.0,82.0,242563
515,7.0,46.0,242574
516,6.0,49.0,242654
517,5.0,35.0,242665
518,2.0,3.0,242676
519,8.0,81.0,242687
520,6.0,12.5,242698
521,2.0,2.0,242701
522,11.0,69.0,243087
523,NA,NA,243098
524,3.0,22.0,243167
525,9.0,45.5,243178
526,14.0,30.0,243191
527,8.0,24.5,243225
528,16.0,0.0,243236
529,8.0,49.0,243258
530,6.0,27.0,243260
531,2.0,19.0,243282
532,14.0,66.5,243305
533,9.0,82.0,243316
534,7.0,69.0,243327
535,9.0,13.0,243338
536,6.0,77.5,243362
537,8.0,34.5,243373
538,6.0,50.5,243384
539,4.0,22.0,243932
540,9.0,22.0,243943
541,3.0,11.5,243954
542,9.0,24.0,243976
543,2.0,9.5,243998
544,2.0,5.0,244002
545,NA,NA,244024
546,2.0,6.0,244401
547,10.0,53.5,244412
548,10.0,57.5,244423
549,4.0,25.0,244434
550,2.0,3.0,244445
551,9.0,77.5,244456
552,10.0,98.5,244467
553,3.0,5.5,244935
554,9.0,89.5,245005
555,16.0,50.0,245095
556,7.0,16.5,245186
557,8.0,72.5,245197
558,11.0,84.0,245200
559,2.0,4.5,245211
560,3.0,31.0,245288
561,9.0,104.0,245302
562,2.0,6.0,245415
563,22.0,192.0,245426
564,4.0,44.5,245437
565,5.0,42.0,245448
566,9.0,40.0,245461
567,7.0,73.0,245472
568,3.0,33.0,245483
569,5.0,46.0,245494
570,5.0,27.0,245506
571,8.0,26.5,245517
572,31.0,322.5,245528
573,25.0,253.5,245541
574,11.0,69.5,245552
575,15.0,131.5,245585
576,14.0,58.0,245608
577,17.0,53.5,245621
578,9.0,87.5,245632
579,9.0,12.0,245665
580,NA,NA,246065
581,13.0,67.0,246260
582,2.0,21.5,246293
583,10.0,108.5,246305
584,11.0,55.0,246316
585,4.0,6.5,246327
586,2.0,40.0,246338
587,10.0,23.0,246340
588,NA,NA,246351
589,1.0,10.0,246362
590,13.0,37.0,246384
591,21.0,118.0,246395
592,4.0,43.0,246418
593,11.0,46.5,246761
594,14.0,71.5,246783
595,6.0,39.5,246806
596,14.0,39.0,246965
597,11.0,52.0,246987
598,3.0,26.0,246998
599,7.0,48.0,247002
600,11.0,58.0,247013
601,NA,NA,247024
602,9.0,32.0,247046
603,8.0,42.0,247057
604,3.0,61.5,247068
605,3.0,5.0,247070
606,6.0,47.0,247081
607,1.0,3.0,247092
608,7.0,35.0,247104
609,3.0,19.5,247115
610,4.0,49.5,247126
611,18.0,53.0,247137
612,11.0,91.5,247148
613,4.0,8.0,247150
614,8.0,53.5,247217
615,10.0,103.5,247228
616,4.0,13.5,247241
617,5.0,25.0,247263
618,9.0,22.5,247560
619,11.0,44.0,247616
620,9.0,24.5,247946
621,18.0,80.0,247957
622,8.0,24.0,248038
623,3.0,40.0,248051
624,8.0,73.0,248073
625,7.0,23.5,248084
626,7.0,28.0,248095
627,8.0,46.0,248107
628,11.0,47.0,248118
629,8.0,60.0,248120
630,12.0,53.0,248131
631,8.0,51.5,248142
632,11.0,34.5,248153
633,NA,NA,248164
634,16.0,117.5,248175
635,3.0,7.5,248437
636,4.0,30.0,248448
637,4.0,6.5,248461
638,8.0,19.5,248654
639,4.0,44.5,248676
640,8.0,19.5,248687
641,5.0,12.0,248698
642,7.0,22.5,248701
643,21.0,45.5,248723
644,7.0,35.0,248734
645,NA,NA,248745
646,6.0,34.5,248767
647,NA,NA,249178
648,10.0,34.0,249327
649,12.0,35.0,249453
650,9.0,34.0,249475
651,1.0,6.0,249566
652,14.0,56.0,249577
653,3.0,24.5,249590
654,NA,NA,249624
655,6.0,49.0,249646
656,4.0,10.5,249657
657,3.0,14.0,249896
658,13.0,43.0,249908
659,NA,NA,249910
660,1.0,6.0,249921
661,6.0,38.0,249943
662,9.0,39.5,249954
663,4.0,44.5,249976
664,1.0,1.5,250025
665,9.0,27.5,250036
666,12.0,63.0,250047
667,2.0,3.0,250093
668,16.0,88.0,250333
669,14.0,32.0,250377
670,12.0,52.5,250388
671,12.0,60.5,250390
672,10.0,14.5,250402
673,3.0,5.0,250413
674,4.0,21.5,250424
675,14.0,77.0,250435
676,12.0,36.0,250446
677,7.0,47.5,250457
678,10.0,22.5,250468
679,11.0,50.0,250470
680,6.0,35.0,250481
681,14.0,73.5,250492
682,13.0,152.5,250504
683,4.0,34.0,250515
684,NA,NA,250526
685,8.0,19.5,250537
686,NA,NA,250550
687,13.0,32.0,250561
688,5.0,11.0,250606
689,12.0,30.5,250628
690,12.0,28.5,250903
691,NA,NA,250914
692,17.0,38.5,250925
693,8.0,51.5,250947
694,5.0,38.0,250958
695,21.0,81.5,251096
696,3.0,19.0,251314
697,12.0,0.0,251325
698,13.0,41.0,251358
699,12.0,66.0,251382
700,7.0,32.5,251393
701,8.0,14.0,251405
702,11.0,35.5,251416
703,8.0,48.5,251427
704,7.0,47.0,251438
705,14.0,0.0,251531
706,11.0,28.0,251542
707,11.0,61.5,251553
708,14.0,0.0,251597
709,7.0,35.5,251600
710,20.0,0.0,251611
711,4.0,8.5,251622
712,6.0,33.0,251644
713,5.0,26.5,251655
714,5.0,10.5,251666
715,7.0,45.0,251677
716,6.0,18.5,251702
717,7.0,44.0,251713
718,3.0,25.5,251724
719,8.0,42.5,251735
720,7.0,22.0,251746
721,8.0,42.5,251768
722,6.0,10.5,251770
723,4.0,49.0,252146
724,3.0,12.5,252168
725,4.0,15.0,252170
726,10.0,154.0,253641
727,8.0,68.0,253652
728,10.0,58.0,253708
729,10.0,180.5,253732
730,10.0,68.0,253891
731,0.0,0.0,254052
732,8.0,25.5,254267
733,10.0,35.5,254314
734,2.0,30.0,254382
735,17.0,85.0,254438
736,40.0,0.0,254462
737,13.0,53.0,254473
738,10.0,92.5,254484
739,17.0,83.0,254495
740,14.0,33.5,254507
741,14.0,55.0,254518
742,19.0,39.5,254520
743,17.0,37.5,254531
744,11.0,21.5,254542
745,11.0,37.0,254564
746,2.0,6.0,254586
747,4.0,6.5,254600
748,5.0,35.0,254611
749,8.0,65.0,254622
750,21.0,0.0,254757
751,1.0,20.0,254768
752,11.0,87.5,254770
753,1.0,6.0,254792
754,10.0,35.0,254837
755,11.0,51.0,255022
756,2.0,16.0,255113
757,10.0,26.5,255124
758,2.0,3.0,255146
759,4.0,5.5,255157
760,4.0,10.0,255170
761,4.0,14.0,255192
762,7.0,18.0,255261
763,5.0,9.0,255421
764,NA,NA,255556
765,16.0,58.5,255603
766,13.0,104.5,255614
767,5.0,9.5,255625
768,1.0,1.5,255647
769,11.0,39.0,255693
770,7.0,13.5,255716
771,2.0,24.0,255727
772,9.0,26.5,255738
773,10.0,24.5,255831
774,4.0,51.5,255922
775,8.0,21.5,255933
776,5.0,35.5,255944
777,9.0,36.0,255955
778,5.0,41.0,256036
779,13.0,31.0,256058
780,8.0,53.5,256060
781,18.0,85.0,256071
782,NA,NA,256082
783,7.0,51.5,256127
784,4.0,12.5,256138
785,4.0,5.5,256140
786,9.0,22.0,256151
787,9.0,23.0,256162
788,NA,NA,256173
789,5.0,53.0,256195
790,6.0,16.5,256333
791,5.0,16.0,256366
792,12.0,68.5,256377
793,10.0,113.0,256413
794,2.0,3.5,256435
795,8.0,53.5,256548
796,3.0,48.0,256594
797,2.0,3.5,256630
798,NA,NA,256685
799,8.0,60.0,256776
800,1.0,1.5,256812
801,1.0,3.0,256878
802,13.0,37.0,256880
803,4.0,28.5,256903
804,1.0,1.5,256914
805,13.0,30.5,256960
806,11.0,26.0,257074
807,7.0,17.5,257085
808,8.0,19.5,257108
809,7.0,16.0,257267
810,5.0,13.5,257347
811,6.0,15.5,257360
812,4.0,5.5,257382
813,7.0,20.0,257393
814,12.0,34.0,257462
815,10.0,61.5,257597
816,1.0,1.5,257633
817,1.0,1.5,257655
818,6.0,49.5,257666
819,5.0,25.0,257735
820,5.0,41.5,257768
821,7.0,50.0,257792
822,9.0,63.5,257804
823,NA,NA,257917
824,7.0,12.5,257928
825,9.0,21.0,257996
826,5.0,39.0,258000
827,11.0,24.5,258077
828,6.0,40.0,258124
829,7.0,35.5,258157
830,NA,NA,258204
831,1.0,24.0,258215
832,15.0,33.0,258294
833,14.0,31.0,258385
834,19.0,99.5,258408
835,1.0,20.0,258534
836,12.0,31.5,258580
837,2.0,13.5,258591
838,9.0,17.5,258603
839,7.0,21.5,258636
840,11.0,46.5,258807
841,5.0,10.5,258820
842,9.0,22.5,258831
843,3.0,12.5,258842
844,7.0,46.5,258853
845,1.0,5.0,258864
846,4.0,25.5,258875
847,6.0,34.5,258886
848,3.0,29.0,258911
849,12.0,97.5,258944
850,4.0,24.5,258988
851,5.0,13.5,259140
852,9.0,20.0,259253
853,2.0,24.0,259275
854,6.0,39.5,259344
855,16.0,35.0,259435
856,5.0,19.5,259468
857,8.0,66.5,259481
858,13.0,45.5,259685
859,5.0,13.0,259696
860,5.0,10.5,259823
861,1.0,1.5,259834
862,1.0,20.0,259856
863,3.0,4.0,259925
864,5.0,17.5,259982
865,7.0,56.5,260020
866,3.0,16.0,260064
867,3.0,4.5,260133
868,3.0,7.5,260144
869,8.0,19.5,260177
870,4.0,17.0,260190
871,7.0,21.0,260202
872,4.0,44.0,260213
873,12.0,18.5,260224
874,6.0,22.5,260235
875,4.0,31.0,260257
876,7.0,40.0,260268
877,10.0,25.5,260326
878,6.0,36.5,260361
879,3.0,9.0,260394
880,11.0,45.0,260406
881,10.0,46.0,260428
882,3.0,29.5,260441
883,3.0,13.5,260452
884,2.0,19.0,260667
885,8.0,38.5,260736
886,6.0,33.0,260747
887,16.0,108.0,260793
888,12.0,39.0,260816
889,13.0,53.0,260862
890,14.0,37.0,260884
891,NA,NA,260907
892,7.0,51.5,260918
893,7.0,21.5,260920
894,10.0,22.5,260953
895,10.0,25.5,260975
896,11.0,40.0,261012
897,17.0,35.0,261056
898,5.0,8.0,261227
899,14.0,31.0,261240
900,8.0,31.5,261320
901,NA,NA,261433
902,10.0,58.0,261502
903,16.0,48.0,261568
904,5.0,10.0,261581
905,15.0,42.5,261785
906,5.0,28.5,261796
907,6.0,46.0,261810
908,11.0,41.5,262050
909,2.0,11.5,262061
910,15.0,39.5,262083
911,11.0,29.5,262094
912,3.0,16.0,262128
913,2.0,4.5,262141
914,2.0,40.0,262163
915,13.0,37.5,262196
916,6.0,28.5,262208
917,4.0,33.0,262210
918,2.0,21.5,262232
919,3.0,9.0,262287
920,2.0,4.5,262301
921,5.0,18.5,262312
922,6.0,15.0,262323
923,NA,NA,262334
924,3.0,13.0,262380
925,5.0,8.5,262403
926,6.0,57.5,262436
927,5.0,24.5,262447
928,2.0,21.5,262482
929,4.0,14.5,262551
930,9.0,34.5,262562
931,6.0,54.5,262573
932,8.0,31.0,262653
933,7.0,42.5,262664
934,4.0,20.5,262675
935,3.0,5.5,262697
936,3.0,13.0,262733
937,5.0,31.5,262744
938,13.0,131.0,262777
939,10.0,86.0,262813
940,1.0,1.5,262846
941,5.0,36.5,262857
942,2.0,21.0,262868
943,7.0,40.0,262892
944,1.0,1.5,262915
945,13.0,77.0,262926
946,2.0,3.0,263417
947,3.0,7.5,263485
948,7.0,14.5,263554
949,10.0,74.0,263680
950,10.0,54.5,263827
951,2.0,3.0,263862
952,7.0,31.0,263895
953,8.0,55.5,263986
954,14.0,31.0,264034
955,7.0,15.5,264080
956,5.0,35.5,264103
957,9.0,24.0,264147
958,9.0,61.0,264160
959,4.0,7.5,264171
960,4.0,10.5,264251
961,1.0,24.0,264273
962,6.0,69.0,264295
963,9.0,23.5,264466
964,8.0,23.0,264650
965,3.0,4.0,264694
966,9.0,17.5,264717
967,9.0,128.5,264730
968,6.0,70.5,264741
969,9.0,49.0,264752
970,8.0,51.5,264763
971,7.0,33.5,264774
972,4.0,20.5,264808
973,7.0,32.0,264810
974,7.0,17.0,264821
975,11.0,52.0,264832
976,5.0,14.5,264956
977,13.0,99.5,265048
978,10.0,24.0,265128
979,10.0,55.0,265334
980,2.0,3.5,265391
981,8.0,24.0,265458
982,9.0,42.0,265482
983,4.0,9.5,265631
984,6.0,45.0,265686
985,7.0,35.0,265697
986,8.0,21.0,265711
987,16.0,228.5,265733
988,NA,NA,265972
989,NA,NA,265994
990,2.0,11.5,266018
991,6.0,17.5,266020
992,5.0,7.5,266326
993,5.0,40.0,266337
994,5.0,56.0,266361
995,3.0,33.5,266394
996,6.0,45.0,266417
997,9.0,64.0,266430
998,10.0,109.5,266463
999,12.0,58.0,266543
1000,12.0,28.0,266554
1001,4.0,18.0,266680
1002,2.0,13.0,266816
1003,8.0,22.5,266827
1004,NA,NA,266838
1005,7.0,50.5,266862
1006,11.0,30.0,266873
1007,17.0,32.0,266895
1008,7.0,19.0,266986
1009,NA,NA,267034
1010,4.0,58.0,267078
1011,1.0,1.0,267227
1012,5.0,9.5,267397
1013,9.0,39.0,267502
1014,10.0,101.5,267546
1015,7.0,27.5,267568
1016,8.0,58.5,267570
1017,7.0,23.5,267604
1018,10.0,90.5,267615
1019,8.0,55.5,267626
1020,11.0,79.5,267637
1021,3.0,4.5,267650
1022,8.0,42.5,267672
1023,8.0,39.0,267796
1024,3.0,4.5,267808
1025,3.0,19.0,267810
1026,5.0,29.5,267843
1027,9.0,27.0,267945
1028,1.0,1.5,267967
1029,8.0,66.5,267978
1030,5.0,32.0,268061
1031,1.0,16.0,268595
1032,9.0,46.0,268618
1033,6.0,13.0,269111
1034,3.0,5.0,269257
1035,11.0,31.5,269394
1036,11.0,42.0,269417
1037,4.0,51.5,269441
1038,5.0,31.0,269452
1039,10.0,62.5,269736
1040,NA,NA,269747
1041,6.0,13.5,269851
1042,11.0,120.0,269873
1043,8.0,38.5,269884
1044,5.0,49.5,269918
1045,2.0,24.0,269920
1046,2.0,38.0,269931
1047,NA,NA,269942
1048,4.0,46.0,269953
1049,4.0,27.0,270627
1050,4.0,24.5,270638
1051,1.0,1.5,270640
1052,6.0,46.5,270651
1053,8.0,79.5,270673
1054,5.0,57.0,270684
1055,2.0,5.5,270742
1056,1.0,35.0,270753
1057,9.0,38.5,270775
1058,9.0,77.0,270890
1059,2.0,4.5,270902
1060,2.0,4.5,270981
1061,4.0,31.5,270992
1062,1.0,1.5,271016
1063,5.0,57.5,271040
1064,3.0,13.5,271051
1065,31.0,340.0,271073
1066,3.0,26.0,271118
1067,4.0,48.0,271120
1068,27.0,312.0,271131
1069,14.0,85.0,271142
1070,6.0,49.0,271153
1071,2.0,32.0,271164
1072,1.0,1.5,271175
1073,6.0,52.5,271197
1074,4.0,30.0,271200
1075,5.0,53.5,271233
1076,3.0,19.0,271244
1077,6.0,37.0,271255
1078,5.0,12.0,271266
1079,31.0,342.0,271277
1080,11.0,27.5,271288
1081,9.0,88.5,271368
1082,13.0,99.0,271563
1083,7.0,34.0,271610
1084,NA,NA,271665
1085,7.0,31.5,271734
1086,4.0,30.5,271780
1087,5.0,18.0,271860
1088,5.0,45.0,271927
1089,6.0,17.0,271938
1090,3.0,11.0,271940
1091,4.0,12.0,271951
1092,8.0,156.0,272008
1093,14.0,58.0,272010
1094,5.0,31.0,272021
1095,30.0,336.5,272054
1096,8.0,85.5,272065
1097,27.0,259.5,272076
1098,8.0,75.0,272098
1099,2.0,24.0,272101
1100,5.0,19.0,272134
1101,11.0,94.0,272145
1102,3.0,39.0,272156
1103,6.0,83.0,272178
1104,1.0,3.0,272191
1105,28.0,295.5,272203
1106,10.0,93.5,272214
1107,12.0,94.5,272247
1108,4.0,22.5,272258
1109,11.0,127.5,272293
1110,2.0,3.0,272316
1111,8.0,82.0,272327
1112,6.0,33.0,272475
1113,7.0,33.0,272681
1114,17.0,70.0,272794
1115,3.0,29.0,272896
1116,15.0,62.5,272943
1117,6.0,22.5,273148
1118,19.0,220.5,273194
1119,8.0,47.5,273206
1120,8.0,53.5,273241
1121,10.0,70.5,273263
1122,3.0,44.5,273274
1123,8.0,26.5,273285
1124,3.0,13.0,273321
1125,15.0,69.5,273662
1126,6.0,50.0,273695
1127,11.0,39.5,273718
1128,7.0,27.5,273797
1129,1.0,1.5,273811
1130,6.0,19.0,273866
1131,2.0,2.5,273888
1132,3.0,13.0,273913
1133,5.0,11.0,273946
1134,8.0,14.5,273970
1135,6.0,24.0,273981
1136,13.0,73.0,273992
1137,13.0,130.0,274027
1138,10.0,45.5,274051
1139,21.0,114.0,274062
1140,9.0,91.5,274073
1141,3.0,6.0,274084
1142,13.0,91.0,274107
1143,1.0,1.5,274118
1144,12.0,30.5,274120
1145,4.0,28.5,274131
1146,14.0,27.0,274142
1147,9.0,28.5,274164
1148,6.0,52.0,274175
1149,8.0,48.5,274186
1150,10.0,76.5,274197
1151,8.0,36.5,274211
1152,18.0,46.0,274244
1153,9.0,16.5,274290
1154,NA,NA,274302
1155,1.0,1.5,274313
1156,5.0,11.0,274461
1157,8.0,24.0,274596
1158,2.0,2.5,274610
1159,8.0,20.0,274621
1160,7.0,44.5,274632
1161,5.0,17.5,274654
1162,4.0,28.5,274676
1163,8.0,43.0,274858
1164,4.0,19.5,274882
1165,5.0,22.5,274905
1166,8.0,31.0,274916
1167,18.0,91.5,274984
1168,6.0,17.5,275008
1169,6.0,34.0,275087
1170,1.0,1.5,275098
1171,5.0,49.0,275134
1172,6.0,40.5,275258
1173,12.0,82.5,275260
1174,2.0,28.0,275395
1175,13.0,42.0,275418
1176,4.0,47.5,275464
1177,24.0,0.0,275486
1178,5.0,8.0,275497
1179,7.0,23.0,275533
1180,10.0,27.0,275555
1181,4.0,15.5,275566
1182,5.0,28.5,275588
1183,10.0,35.0,275602
1184,3.0,12.5,275668
1185,4.0,6.5,275670
1186,11.0,106.0,275748
1187,14.0,33.0,275783
1188,15.0,36.0,275806
1189,6.0,38.5,275828
1190,6.0,55.5,275863
1191,9.0,55.5,275932
1192,NA,NA,275998
1193,4.0,6.5,276013
1194,8.0,61.0,276035
1195,8.0,52.0,276046
1196,6.0,44.0,276068
1197,6.0,9.0,276070
1198,5.0,31.0,276081
1199,5.0,11.0,276092
1200,4.0,23.5,276104
1201,10.0,50.5,276115
1202,5.0,26.0,276228
1203,8.0,24.5,276241
1204,8.0,39.0,276252
1205,9.0,87.0,276296
1206,7.0,35.0,276332
1207,2.0,12.0,276376
1208,8.0,59.5,276401
1209,2.0,3.0,276423
1210,6.0,31.5,276445
1211,6.0,31.5,276456
1212,6.0,19.5,276478
1213,6.0,52.0,276480
1214,8.0,26.5,276503
1215,1.0,1.5,276514
1216,8.0,72.5,276525
1217,NA,NA,276558
1218,5.0,27.5,276605
1219,5.0,10.5,276616
1220,6.0,15.5,276627
1221,3.0,4.5,276651
1222,NA,NA,276673
1223,7.0,17.0,276684
1224,6.0,52.0,276718
1225,8.0,33.5,276720
1226,7.0,50.5,276731
1227,5.0,21.5,276742
1228,2.0,3.0,276968
1229,4.0,33.0,276992
1230,5.0,23.0,277040
1231,1.0,1.5,277051
1232,5.0,57.0,277062
1233,9.0,51.0,277084
1234,2.0,6.0,277118
1235,4.0,10.5,277175
1236,8.0,84.5,277197
1237,2.0,6.0,277211
1238,9.0,125.5,277222
1239,6.0,77.0,277233
1240,5.0,48.5,277244
1241,NA,NA,277255
1242,15.0,84.5,277266
1243,8.0,27.0,277313
1244,8.0,11.5,277324
1245,3.0,8.0,277335
1246,5.0,24.5,277346
1247,3.0,6.0,277415
1248,9.0,22.0,277426
1249,7.0,26.0,277437
1250,10.0,89.0,277448
1251,13.0,80.5,277450
1252,10.0,50.0,277472
1253,11.0,92.5,277585
1254,NA,NA,277621
1255,3.0,11.0,277712
1256,NA,NA,277734
1257,10.0,103.0,277756
1258,3.0,40.0,277791
1259,8.0,95.0,277814
1260,8.0,36.0,277825
1261,5.0,10.0,277836
1262,3.0,20.0,277847
1263,4.0,34.0,277858
1264,NA,NA,277860
1265,9.0,55.0,277882
1266,7.0,33.5,277905
1267,8.0,74.0,277916
1268,8.0,50.0,277927
1269,9.0,35.5,277938
1270,1.0,2.0,277940
1271,3.0,6.5,277962
1272,10.0,114.0,277984
1273,12.0,55.0,278008
1274,10.0,68.5,278043
1275,11.0,52.5,278054
1276,4.0,52.5,278065
1277,8.0,16.5,278098
1278,5.0,9.0,278145
1279,8.0,43.0,278178
1280,5.0,13.0,278203
1281,1.0,2.0,278214
1282,9.0,68.5,278225
1283,5.0,40.5,278258
1284,8.0,12.0,278260
1285,9.0,50.5,278305
1286,5.0,20.5,278316
1287,1.0,16.0,278338
1288,13.0,40.5,278351
1289,7.0,44.5,278384
1290,6.0,39.5,278395
1291,4.0,20.5,278407
1292,17.0,165.0,278420
1293,6.0,59.5,278464
1294,15.0,153.5,278522
1295,10.0,73.5,278533
1296,3.0,27.5,278555
1297,4.0,7.0,278577
1298,7.0,14.0,278590
1299,9.0,99.0,278602
1300,5.0,16.0,278624
1301,6.0,42.5,278646
1302,10.0,54.0,278772
1303,4.0,26.0,278806
1304,3.0,11.0,278910
1305,9.0,50.5,278921
1306,12.0,169.5,278932
1307,8.0,31.0,278943
1308,3.0,43.0,279252
1309,2.0,6.0,279263
1310,18.0,67.0,279296
1311,13.0,40.0,279332
1312,3.0,28.0,279365
1313,14.0,34.5,279376
1314,13.0,25.0,279401
1315,18.0,138.5,279456
1316,9.0,94.5,279467
1317,8.0,64.5,279480
1318,9.0,100.0,279491
1319,8.0,48.5,279514
1320,2.0,9.0,279525
1321,6.0,39.5,279558
1322,5.0,20.5,279560
1323,7.0,64.5,279582
1324,9.0,21.0,279651
1325,15.0,104.0,279731
1326,6.0,58.0,279742
1327,8.0,104.0,279753
1328,11.0,51.5,279786
1329,13.0,44.5,279797
1330,3.0,27.0,279811
1331,9.0,32.5,279822
1332,NA,NA,279833
1333,2.0,43.0,279844
1334,5.0,43.0,279913
1335,9.0,76.5,279935
1336,14.0,83.5,279992
1337,6.0,14.0,280006
1338,NA,NA,280041
1339,9.0,69.0,280108
1340,NA,NA,280110
1341,NA,NA,280121
1342,6.0,45.0,280132
1343,10.0,99.5,280176
1344,3.0,4.5,280314
1345,10.0,41.0,280347
1346,15.0,59.5,280393
1347,4.0,29.0,280405
1348,7.0,29.5,280416
1349,6.0,32.5,280473
1350,12.0,96.5,280507
1351,11.0,55.0,280575
1352,9.0,32.5,280600
1353,4.0,52.5,280622
1354,4.0,14.5,280644
1355,NA,NA,280655
1356,12.0,31.0,280666
1357,4.0,12.0,280688
1358,7.0,34.5,280724
1359,6.0,58.5,280746
1360,7.0,80.0,280781
1361,12.0,112.0,280804
1362,3.0,13.0,280826
1363,6.0,31.5,280848
1364,12.0,134.0,280850
1365,6.0,19.5,280861
1366,6.0,28.0,280883
1367,1.0,3.0,280906
1368,9.0,74.5,280928
1369,6.0,49.0,281000
1370,4.0,22.0,281044
1371,6.0,18.0,281055
1372,6.0,19.5,281066
1373,NA,NA,281088
1374,4.0,8.5,281090
1375,6.0,36.0,281102
1376,17.0,34.0,281181
1377,NA,NA,281226
1378,13.0,30.5,281237
1379,4.0,19.5,281261
1380,10.0,44.0,281272
1381,2.0,24.0,281454
1382,12.0,75.0,281534
1383,5.0,5.5,281545
1384,11.0,57.0,281580
1385,9.0,39.0,281658
1386,9.0,0.0,281671
1387,7.0,36.5,281682
1388,8.0,47.5,281818
1389,7.0,25.0,281831
1390,8.0,49.5,281886
1391,12.0,21.5,281897
1392,6.0,45.0,281911
1393,3.0,7.5,281922
1394,9.0,131.5,281933
1395,12.0,58.0,281944
1396,6.0,29.5,281955
1397,5.0,62.0,281966
1398,3.0,6.0,281988
1399,1.0,16.0,282003
1400,2.0,28.0,282025
1401,6.0,36.5,282047
1402,8.0,58.0,282058
1403,5.0,62.5,282060
1404,16.0,71.0,282071
1405,4.0,27.5,282082
1406,12.0,33.5,282093
1407,NA,NA,282116
1408,2.0,40.0,282162
1409,1.0,1.5,282207
1410,8.0,34.0,282297
1411,7.0,76.0,282550
1412,5.0,62.0,282561
1413,8.0,79.5,282594
1414,7.0,85.5,282628
1415,3.0,26.0,282674
1416,3.0,26.0,282685
1417,4.0,27.5,282708
1418,1.0,3.0,282721
1419,NA,NA,282732
1420,11.0,102.5,282743
1421,4.0,44.5,282754
1422,1.0,16.0,282856
1423,10.0,13.0,282903
1424,3.0,20.5,282914
1425,5.0,35.0,282958
1426,10.0,26.5,282960
1427,4.0,51.0,282982
1428,6.0,23.0,283041
1429,7.0,40.0,283052
1430,6.0,38.5,283063
1431,2.0,21.0,283085
1432,NA,NA,283096
1433,6.0,52.5,283108
1434,13.0,54.0,283110
1435,8.0,67.0,283121
1436,6.0,14.5,283132
1437,NA,NA,283143
1438,NA,NA,283198
1439,6.0,13.0,283201
1440,8.0,38.0,283256
1441,11.0,32.5,283347
1442,9.0,65.5,283382
1443,5.0,44.5,283462
1444,8.0,52.0,283518
1445,6.0,12.5,283575
1446,8.0,25.5,283586
1447,5.0,45.0,283666
1448,11.0,90.0,283690
1449,12.0,24.0,283702
1450,1.0,3.0,283724
1451,11.0,25.5,283735
1452,7.0,70.5,283746
1453,3.0,26.0,283768
1454,3.0,14.0,283815
1455,7.0,30.0,283837
1456,9.0,60.5,283848
1457,1.0,20.0,283861
1458,1.0,1.0,284033
1459,8.0,34.5,284077
1460,13.0,84.0,284146
1461,3.0,16.0,284168
1462,9.0,20.0,284204
1463,6.0,16.5,284215
1464,13.0,45.5,284250
1465,8.0,72.5,284328
1466,8.0,12.5,284341
1467,4.0,34.0,284352
1468,13.0,67.0,284363
1469,9.0,57.0,284476
1470,11.0,139.5,284487
1471,2.0,12.0,284501
1472,6.0,50.5,284512
1473,4.0,32.5,284523
1474,6.0,22.5,284567
1475,2.0,4.5,284603
1476,2.0,3.0,284705
1477,7.0,35.0,284738
1478,10.0,102.0,284762
1479,8.0,41.5,284773
1480,10.0,48.0,284886
1481,6.0,63.0,284900
1482,12.0,82.5,284911
1483,10.0,149.5,284933
1484,3.0,33.5,284944
1485,3.0,28.5,284955
1486,7.0,51.5,284988
1487,7.0,42.5,284990
1488,9.0,104.5,285025
1489,5.0,18.5,285058
1490,14.0,43.0,285071
1491,5.0,9.5,285093
1492,4.0,45.0,285140
1493,6.0,45.5,285162
1494,8.0,62.5,285184
1495,1.0,3.0,285264
1496,12.0,28.0,285333
1497,1.0,1.5,285344
1498,2.0,4.5,285355
1499,7.0,51.5,285366
1500,1.0,1.5,285377
1501,7.0,44.5,285388
1502,18.0,0.0,285424
1503,9.0,77.0,285435
1504,4.0,28.0,285446
1505,6.0,21.0,285468
1506,6.0,22.5,285504
1507,10.0,88.5,285515
1508,6.0,20.0,285550
1509,36.0,411.0,285856
1510,1.0,3.0,285914
1511,5.0,9.5,285971
1512,10.0,31.5,285982
1513,9.0,44.5,286028
1514,9.0,62.0,286085
1515,7.0,63.0,286096
1516,4.0,8.0,286108
1517,25.0,253.5,286154
1518,5.0,53.5,286223
1519,3.0,51.5,286267
1520,1.0,1.5,286462
1521,10.0,45.0,286473
1522,4.0,9.0,286495
1523,11.0,37.5,286507
1524,5.0,9.5,286518
1525,3.0,25.0,286531
1526,1.0,35.0,286586
1527,5.0,14.0,286597
1528,1.0,10.0,286600
1529,9.0,88.0,286611
1530,12.0,77.0,286633
1531,8.0,18.5,286644
1532,10.0,36.5,286655
1533,4.0,15.5,286666
1534,4.0,41.0,286677
1535,3.0,11.0,286690
1536,7.0,23.0,286702
1537,9.0,80.0,286781
1538,7.0,78.5,286826
1539,14.0,99.5,286837
1540,5.0,42.0,286848
1541,3.0,44.5,286850
1542,8.0,101.0,286883
1543,2.0,27.0,286894
1544,8.0,79.5,286941
1545,7.0,55.0,286952
1546,11.0,141.5,286963
1547,NA,NA,286974
1548,4.0,10.5,286985
1549,8.0,13.0,286996
1550,13.0,104.5,287022
1551,8.0,45.0,287102
1552,16.0,52.5,287113
1553,3.0,13.5,287124
1554,14.0,37.5,287170
1555,10.0,35.0,287181
1556,17.0,42.0,287294
1557,1.0,1.5,287317
1558,8.0,14.0,287396
1559,10.0,35.5,287408
1560,8.0,34.0,287410
1561,7.0,28.5,287443
1562,12.0,94.0,287465
1563,7.0,13.0,287476
1564,1.0,1.5,287487
1565,13.0,45.0,287498
1566,1.0,8.0,287545
1567,11.0,66.5,287556
1568,5.0,59.0,287567
1569,2.0,4.5,287716
1570,8.0,79.5,287762
1571,6.0,78.0,287795
1572,8.0,81.5,287807
1573,12.0,88.5,287831
1574,NA,NA,287875
1575,9.0,117.5,287933
1576,19.0,137.5,287944
1577,4.0,45.5,288014
1578,8.0,68.0,288025
1579,7.0,78.5,288036
1580,2.0,3.5,288047
1581,11.0,82.0,288060
1582,10.0,18.0,288082
1583,4.0,31.0,288093
1584,4.0,12.0,288116
1585,5.0,42.0,288127
1586,4.0,27.5,288138
1587,5.0,69.0,288162
1588,16.0,81.0,288173
1589,8.0,59.5,288195
1590,11.0,55.5,288207
1591,5.0,47.5,288218
1592,5.0,9.0,288264
1593,10.0,48.0,288275
1594,3.0,21.0,288297
1595,7.0,71.5,288333
1596,3.0,29.5,288344
1597,5.0,54.5,288390
1598,9.0,85.5,288413
1599,4.0,46.0,288572
1600,8.0,96.0,288594
1601,10.0,73.5,288606
1602,3.0,33.5,288617
1603,7.0,83.0,288628
1604,9.0,59.0,288652
1605,15.0,45.0,288663
1606,7.0,73.0,288685
1607,4.0,32.0,288696
1608,9.0,64.0,288708
1609,5.0,26.5,288721
1610,2.0,44.0,288732
1611,19.0,0.0,288743
1612,10.0,50.5,288754
1613,NA,NA,288765
1614,13.0,34.0,288798
1615,9.0,49.0,288801
1616,9.0,62.5,288812
1617,5.0,53.0,288834
1618,6.0,25.5,288845
1619,6.0,38.0,288880
1620,11.0,118.5,288891
1621,10.0,46.0,288936
1622,5.0,77.0,288958
1623,11.0,91.5,288971
1624,8.0,86.5,288982
1625,4.0,9.5,288993
1626,13.0,68.0,289006
1627,6.0,29.5,289028
1628,5.0,10.5,289030
1629,9.0,55.5,289041
1630,6.0,28.0,289052
1631,5.0,32.0,289063
1632,5.0,36.5,289096
1633,3.0,27.0,289110
1634,12.0,0.0,289121
1635,15.0,29.5,289143
1636,4.0,10.0,289165
1637,27.0,0.0,289201
1638,11.0,29.0,289212
1639,4.0,30.5,289223
1640,6.0,10.5,289291
1641,3.0,8.5,289303
1642,11.0,84.0,289347
1643,6.0,29.0,289371
1644,2.0,3.5,289382
1645,4.0,15.5,289416
1646,4.0,40.5,289427
1647,5.0,25.0,289440
1648,8.0,33.5,289451
1649,4.0,47.0,289462
1650,4.0,44.5,289473
1651,8.0,115.5,289495
1652,5.0,47.5,289507
1653,10.0,55.0,289518
1654,29.0,336.5,289531
1655,7.0,93.5,289542
1656,3.0,26.0,289553
1657,6.0,65.5,289564
1658,6.0,69.5,289586
1659,11.0,85.5,289597
1660,5.0,42.5,289600
1661,30.0,353.5,289622
1662,5.0,29.0,289644
1663,7.0,72.0,289655
1664,6.0,69.0,289688
1665,20.0,334.5,289690
1666,5.0,29.0,289713
1667,10.0,76.5,289724
1668,27.0,297.5,289735
1669,28.0,305.5,289746
1670,5.0,46.0,289768
1671,3.0,7.5,289770
1672,9.0,48.0,289781
1673,13.0,132.5,289792
1674,5.0,35.5,289804
1675,14.0,65.0,289815
1676,9.0,79.5,289837
1677,8.0,32.5,289848
1678,18.0,0.0,289861
1679,4.0,19.0,289883
1680,2.0,4.5,289906
1681,15.0,44.5,289917
1682,6.0,29.5,289928
1683,10.0,17.0,289930
1684,4.0,11.0,289941
1685,3.0,28.5,289952
1686,6.0,11.0,289963
1687,5.0,39.5,289985
1688,9.0,22.5,289996
1689,7.0,26.0,290034
1690,2.0,6.0,290056
1691,13.0,56.0,290067
1692,4.0,25.5,290078
1693,5.0,33.0,290080
1694,20.0,59.5,290091
1695,5.0,32.5,290103
1696,5.0,25.0,290114
1697,1.0,1.5,290125
1698,4.0,23.0,290136
1699,5.0,44.0,290147
1700,2.0,10.0,290158
1701,9.0,22.5,290160
1702,9.0,59.5,290171
1703,6.0,42.5,290182
1704,15.0,35.5,290193
1705,14.0,65.0,290205
1706,8.0,29.0,290216
1707,11.0,25.5,290240
1708,2.0,2.0,290251
1709,11.0,45.5,290262
1710,9.0,32.0,290273
1711,14.0,31.2,290284
1712,7.0,32.5,290295
1713,12.0,46.0,290307
1714,4.0,33.0,290320
1715,12.0,46.0,290331
1716,13.0,44.0,290342
1717,10.0,36.2,290364
1718,9.0,37.5,290375
1719,9.0,53.0,290386
1720,NA,NA,290397
1721,12.0,48.0,290433
1722,9.0,36.0,290444
1723,11.0,45.0,290455
1724,5.0,28.0,290466
1725,9.0,36.0,290488
1726,10.0,38.0,290490
1727,16.0,50.0,290502
1728,10.0,50.0,290513
1729,8.0,32.0,290524
1730,8.0,33.0,290535
1731,8.0,30.0,290546
1732,11.0,47.0,290570
1733,8.0,37.0,290604
1734,12.0,28.5,290650
1735,8.0,152.0,290694
1736,15.0,40.0,290706
1737,6.0,16.0,290717
1738,5.0,30.0,290728
1739,7.0,21.0,290730
1740,13.0,31.0,290741
1741,10.0,26.5,290752
1742,13.0,24.5,290785
1743,9.0,38.5,290796
1744,10.0,17.5,290810
1745,2.0,6.0,290832
1746,4.0,52.5,290843
1747,11.0,47.0,290854
1748,6.0,39.0,290912
1749,5.0,28.5,290934
1750,12.0,54.5,290945
1751,10.0,40.5,291026
1752,NA,NA,291106
1753,15.0,49.0,291117
1754,13.0,41.0,291128
1755,1.0,1.5,291174
1756,4.0,26.5,291185
1757,6.0,35.0,291196
1758,8.0,111.0,291208
1759,5.0,10.0,291221
1760,6.0,55.5,291232
1761,3.0,6.0,291254
1762,11.0,91.5,291265
1763,10.0,50.0,291276
1764,4.0,11.0,291287
1765,10.0,37.0,291301
1766,15.0,0.0,291312
1767,8.0,92.5,291323
1768,7.0,51.5,291334
1769,13.0,0.0,291345
1770,3.0,28.0,291356
1771,9.0,76.5,291378
1772,4.0,5.5,291391
1773,6.0,33.0,291403
1774,8.0,46.5,291904
1775,6.0,25.5,291937
1776,44.0,0.0,291950
1777,8.0,42.5,291961
1778,28.0,282.5,291972
1779,6.0,53.5,292018
1780,5.0,39.5,292020
1781,4.0,31.0,292031
1782,7.0,49.0,292042
1783,7.0,38.0,292064
1784,6.0,37.0,292075
1785,8.0,24.5,292086
1786,24.0,169.0,292097
1787,6.0,48.0,292100
1788,5.0,27.5,292111
1789,1.0,1.5,292133
1790,8.0,43.5,292144
1791,9.0,110.5,292155
1792,3.0,4.5,292166
1793,24.0,0.0,292177
1794,18.0,51.0,292188
1795,11.0,54.0,292190
1796,1.0,3.0,292202
1797,10.0,110.5,292224
1798,6.0,67.5,292235
1799,5.0,8.5,292246
1800,8.0,55.0,292268
1801,13.0,42.0,292270
1802,4.0,11.0,292281
1803,3.0,31.0,292290
1804,3.0,19.0,292292
1805,3.0,5.0,292304
1806,7.0,42.5,292315
1807,7.0,34.0,292326
1808,4.0,7.5,292337
1809,8.0,160.0,292348
1810,18.0,0.0,292350
1811,1.0,1.5,292372
1812,2.0,18.0,292383
1813,9.0,38.0,292417
1814,15.0,137.0,292430
1815,9.0,34.0,292441
1816,16.0,57.0,292474
1817,2.0,31.5,292485
1818,5.0,62.0,292496
1819,3.0,12.5,292508
1820,19.0,108.0,292532
1821,NA,NA,292543
1822,7.0,33.5,292554
1823,5.0,46.0,292565
1824,12.0,74.5,292576
1825,7.0,31.5,292601
1826,12.0,69.5,292634
1827,NA,NA,292667
1828,7.0,77.0,292703
1829,NA,NA,292736
1830,12.0,109.0,292760
1831,7.0,32.0,292771
1832,9.0,66.5,292793
1833,6.0,22.5,292805
1834,15.0,211.0,292816
1835,7.0,69.0,292838
1836,7.0,97.5,292840
1837,5.0,52.5,292862
1838,15.0,0.0,292873
1839,7.0,18.0,292884
1840,7.0,61.0,292895
1841,2.0,3.0,292907
1842,3.0,34.0,292918
1843,8.0,35.0,292931
1844,5.0,35.0,292953
1845,17.0,0.0,292997
1846,3.0,33.5,293001
1847,5.0,79.0,293034
1848,5.0,99.0,293056
1849,3.0,46.0,293067
1850,2.0,6.0,293080
1851,3.0,24.5,293091
1852,15.0,45.0,293103
1853,8.0,28.5,293114
1854,9.0,38.0,293125
1855,NA,NA,293136
1856,10.0,57.5,293160
1857,4.0,10.5,293171
1858,1.0,40.0,293193
1859,6.0,63.5,293205
1860,6.0,72.5,293227
1861,NA,NA,293238
1862,7.0,133.0,293240
1863,10.0,41.5,293262
1864,8.0,60.5,293284
1865,13.0,25.5,293295
1866,7.0,70.5,293307
1867,NA,NA,293318
1868,26.0,273.5,293320
1869,13.0,103.0,293353
1870,5.0,75.5,293375
1871,7.0,9.5,293386
1872,16.0,0.0,293400
1873,10.0,64.0,293411
1874,6.0,27.5,293433
1875,8.0,55.5,293455
1876,5.0,27.5,293466
1877,6.0,18.5,293488
1878,2.0,19.0,293524
1879,19.0,0.0,293557
1880,3.0,19.0,293568
1881,5.0,16.5,293581
1882,10.0,94.0,293615
1883,13.0,123.0,293626
1884,2.0,4.5,293637
1885,11.0,71.5,293648
1886,1.0,22.0,293650
1887,9.0,74.5,293683
1888,4.0,14.5,293694
1889,11.0,108.5,293706
1890,3.0,28.5,293717
1891,7.0,25.5,293730
1892,2.0,3.0,293741
1893,9.0,60.5,293774
1894,17.0,0.0,293785
1895,14.0,56.5,293843
1896,4.0,36.0,293865
1897,4.0,65.0,294493
1898,4.0,20.5,294505
1899,7.0,30.5,294527
1900,13.0,98.5,294540
1901,5.0,46.5,294562
1902,1.0,6.0,294573
1903,NA,NA,294584
1904,7.0,51.0,294595
1905,4.0,51.0,294607
1906,3.0,9.5,294618
1907,12.0,64.0,294620
1908,16.0,0.0,294653
1909,9.0,55.0,294664
1910,1.0,1.5,294675
1911,1.0,3.0,294686
1912,19.0,130.0,294744
1913,6.0,51.0,294755
1914,7.0,22.5,294790
1915,3.0,14.0,294802
1916,3.0,23.0,294813
1917,8.0,58.5,294824
1918,4.0,29.0,294835
1919,6.0,34.5,294846
1920,9.0,57.5,294857
1921,4.0,20.5,294868
1922,7.0,52.5,294870
1923,6.0,25.5,294881
1924,8.0,58.5,294892
1925,1.0,3.0,294926
1926,15.0,44.5,294937
1927,NA,NA,294948
1928,15.0,49.5,294961
1929,17.0,50.5,294972
1930,4.0,41.0,294983
1931,7.0,46.5,294994
1932,6.0,103.5,295007
1933,4.0,31.5,295042
1934,7.0,20.0,295111
1935,14.0,0.0,295122
1936,1.0,1.5,295155
1937,7.0,34.0,295166
1938,7.0,26.0,295235
1939,3.0,6.5,295268
1940,9.0,32.0,295279
1941,10.0,22.0,295292
1942,3.0,20.5,295315
1943,21.0,115.0,295337
1944,2.0,6.0,295350
1945,9.0,38.0,295361
1946,4.0,5.5,295372
1947,8.0,50.5,295383
1948,3.0,5.0,295428
1949,3.0,22.0,295430
1950,2.0,9.5,295441
1951,9.0,47.5,295452
1952,18.0,98.0,295463
1953,15.0,50.0,295496
1954,8.0,21.0,295510
1955,8.0,37.0,295521
1956,4.0,32.0,295565
1957,5.0,32.5,295587
1958,10.0,66.0,295598
1959,5.0,29.5,295601
1960,14.0,0.0,295612
1961,1.0,24.0,295623
1962,17.0,80.0,295634
1963,7.0,56.0,295656
1964,3.0,6.0,295667
1965,7.0,49.0,295678
1966,15.0,51.0,295680
1967,10.0,50.0,295691
1968,9.0,52.0,295703
1969,6.0,76.0,295714
1970,5.0,25.0,295873
1971,8.0,23.0,295884
1972,17.0,74.0,295920
1973,4.0,26.5,295997
1974,3.0,6.5,296023
1975,8.0,22.0,296034
1976,6.0,75.0,296056
1977,1.0,3.0,296067
1978,3.0,7.0,296160
1979,10.0,66.5,296227
1980,9.0,13.0,296251
1981,3.0,11.0,296320
1982,19.0,0.0,296353
1983,8.0,31.5,296433
1984,17.0,35.0,296455
1985,6.0,39.0,296466
1986,10.0,73.5,296488
1987,12.0,0.0,296490
1988,22.0,0.0,296502
1989,8.0,0.0,296821
1990,12.0,0.0,296854
1991,10.0,0.0,296912
1992,3.0,4.5,296923
1993,11.0,25.5,296934
1994,9.0,53.5,297015
1995,3.0,24.5,297026
1996,13.0,118.0,297037
1997,3.0,27.0,297048
1998,9.0,50.5,297083
1999,4.0,10.5,297094
2000,3.0,6.0,297117
2001,32.0,341.5,297128
2002,32.0,345.5,297130
2003,2.0,6.0,297367
2004,9.0,63.5,297380
2005,3.0,40.0,297391
2006,6.0,147.0,297403
2007,7.0,62.0,297414
2008,1.0,8.0,297436
2009,5.0,40.5,297447
2010,7.0,43.5,297460
2011,16.0,0.0,297516
2012,4.0,64.0,297527
2013,7.0,64.5,297538
2014,13.0,67.0,297620
2015,4.0,27.0,297631
2016,4.0,12.5,297846
2017,7.0,19.5,297868
2018,8.0,29.0,297892
2019,7.0,61.0,297904
2020,5.0,34.5,297915
2021,2.0,17.5,297926
2022,10.0,78.0,297937
2023,16.0,77.0,297948
2024,17.0,0.0,297950
2025,10.0,52.0,297961
2026,8.0,80.5,297972
2027,6.0,71.0,297994
2028,9.0,21.0,298100
2029,6.0,15.5,298111
2030,14.0,0.0,298166
2031,32.0,0.0,298190
2032,3.0,39.0,298268
2033,0.0,0.0,298281
2034,10.0,68.0,298337
2035,17.0,83.5,298372
2036,20.0,54.5,298406
2037,3.0,8.0,298565
2038,3.0,6.0,298576
2039,1.0,3.0,298623
2040,NA,NA,298634
2041,1.0,16.0,298645
2042,2.0,6.0,298656
2043,2.0,19.0,298667
2044,1.0,3.0,298678
2045,1.0,3.0,298680
2046,1.0,3.0,298691
2047,NA,NA,298703
2048,8.0,0.0,298714
2049,1.0,16.0,298725
2050,7.0,19.5,298736
2051,0.0,0.0,298747
2052,2.0,6.0,298758
2053,2.0,6.0,298760
2054,2.0,19.0,298771
2055,1.0,3.0,298782
2056,2.0,6.0,298805
2057,NA,NA,298816
2058,2.0,6.0,298873
2059,9.0,64.0,298896
2060,15.0,56.0,298907
2061,0.0,0.0,298918
2062,5.0,18.5,298976
2063,9.0,81.0,299012
2064,0.0,0.0,299034
2065,3.0,31.0,299045
2066,17.0,0.0,299056
2067,8.0,67.5,299078
2068,10.0,96.0,299079
2069,9.0,63.0,299081
2070,4.0,10.5,299082
2071,5.0,22.5,299083
2072,5.0,17.0,299084
2073,NA,NA,299085
2074,2.0,20.5,299086
2075,2.0,23.0,299087
2076,2.0,6.0,299088
2077,12.0,47.0,299090
2078,1.0,1.5,299091
2079,NA,NA,299092
2080,9.0,64.0,299094
2081,20.0,0.0,299095
2082,0.0,0.0,299096
2083,0.0,0.0,299097
2084,26.0,0.0,299098
2085,16.0,0.0,299101
2086,16.0,0.0,299102
2087,NA,NA,299104
2088,1.0,0.0,299107
2089,4.0,0.0,299109
2090,0.0,0.0,299111
2091,1.0,0.0,299112
2092,4.0,0.0,299114
2093,4.0,0.0,299115
2094,0.0,0.0,299116
2095,0.0,0.0,299117
2096,15.0,77.5,299118
2097,12.0,40.0,299119
2098,12.0,28.5,299120
2099,10.0,34.0,299121
2100,5.0,44.0,299122
2101,NA,NA,299123
2102,12.0,29.0,299124
2103,9.0,68.0,299125
2104,9.0,0.0,299133
2105,3.0,41.0,299134
2106,16.0,0.0,299135
2107,5.0,15.5,299136
2108,7.0,94.0,299140
2109,0.0,0.0,299141
2110,6.0,0.0,299142
2111,14.0,69.5,299143
2112,4.0,28.0,299144
2113,NA,NA,299145
2114,NA,NA,299146
2115,NA,NA,299147
2116,6.0,22.5,299148
2117,9.0,27.5,299149
2118,11.0,38.0,299150
2119,1.0,0.0,299151
2120,5.0,0.0,299152
2121,8.0,57.0,299153
2122,0.0,0.0,299154
2123,2.0,6.0,299155
2124,2.0,6.0,299156
2125,NA,NA,299157
2126,NA,NA,299158
2127,NA,NA,299159
2128,NA,NA,299160
2129,1.0,3.0,299162
2130,2.0,6.0,299163
2131,2.0,6.0,299164
2132,2.0,6.0,299165
2133,2.0,6.0,299166
2134,2.0,6.0,299167
2135,1.0,3.0,299168
2136,2.0,6.0,299169
2137,2.0,6.0,299170
2138,2.0,6.0,299171
2139,NA,NA,299172
2140,2.0,6.0,299173
2141,NA,NA,299174
2142,NA,NA,299175
2143,2.0,6.0,299176
2144,NA,NA,299177
2145,2.0,6.0,299178
2146,NA,NA,299180
2147,2.0,6.0,299181
2148,NA,NA,299182
2149,2.0,6.0,299183
2150,2.0,6.0,299184
2151,NA,NA,299185
2152,NA,NA,299186
2153,NA,NA,299187
2154,2.0,6.0,299188
2155,2.0,6.0,299189
2156,2.0,6.0,299190
2157,2.0,6.0,299191
2158,NA,NA,299192
2159,2.0,6.0,299193
2160,2.0,6.0,299194
2161,NA,NA,299196
2162,NA,NA,299197
2163,NA,NA,299198
2164,NA,NA,299199
2165,NA,NA,299200
2166,2.0,6.0,299201
2167,0.0,0.0,299202
2168,NA,NA,299203
2169,2.0,6.0,299204
2170,1.0,3.0,299205
2171,1.0,3.0,299206
2172,2.0,6.0,299207
2173,2.0,6.0,299208
2174,2.0,6.0,299209
2175,NA,NA,299210
2176,1.0,3.0,299211
2177,NA,NA,299212
2178,2.0,6.0,299213
2179,NA,NA,299214
2180,NA,NA,299215
2181,2.0,6.0,299216
2182,NA,NA,299217
2183,NA,NA,299220
2184,2.0,6.0,299221
2185,2.0,6.0,299222
2186,NA,NA,299223
2187,1.0,3.0,299224
2188,NA,NA,299225
2189,2.0,6.0,299226
2190,NA,NA,299228
2191,2.0,6.0,299229
2192,2.0,6.0,299230
2193,NA,NA,299231
2194,2.0,6.0,299232
2195,NA,NA,299233
2196,2.0,6.0,299234
2197,NA,NA,299236
2198,2.0,6.0,299238
2199,NA,NA,299239
2200,2.0,6.0,299240
2201,NA,NA,299241
2202,2.0,6.0,299242
2203,2.0,6.0,299243
2204,NA,NA,299244
2205,NA,NA,299245
2206,NA,NA,299246
2207,NA,NA,299247
2208,2.0,6.0,299248
2209,NA,NA,299249
2210,NA,NA,299250
2211,2.0,6.0,299251
2212,2.0,6.0,299252
2213,2.0,6.0,299255
2214,2.0,6.0,299256
2215,13.0,65.5,299259
2216,0.0,0.0,299260
2217,22.0,0.0,299261
2218,1.0,3.0,299262
2219,NA,NA,299263
2220,13.0,47.5,299264
2221,2.0,6.0,299265
2222,0.0,0.0,299266
2223,2.0,6.0,299267
2224,NA,NA,299268
2225,1.0,3.0,299269
2226,3.0,22.0,299270
2227,2.0,19.0,299271
2228,2.0,6.0,299273
2229,2.0,6.0,299274
2230,0.0,0.0,299275
2231,2.0,6.0,299276
2232,3.0,22.0,299277
2233,2.0,6.0,299278
2234,3.0,22.0,299279
2235,2.0,6.0,299280
2236,1.0,3.0,299281
2237,2.0,19.0,299282
2238,2.0,6.0,299283
2239,2.0,6.0,299284
2240,1.0,16.0,299285
2241,2.0,19.0,299286
2242,3.0,22.0,299287
2243,3.0,22.0,299288
2244,2.0,6.0,299289
2245,1.0,3.0,299290
2246,NA,NA,299291
2247,2.0,6.0,299292
2248,2.0,6.0,299293
2249,3.0,22.0,299294
2250,2.0,6.0,299295
2251,NA,NA,299296
2252,NA,NA,299297
2253,2.0,6.0,299298
2254,3.0,22.0,299299
2255,2.0,6.0,299300
2256,NA,NA,299301
2257,2.0,6.0,299302
2258,1.0,16.0,299303
2259,2.0,6.0,299304
2260,NA,NA,299305
2261,3.0,22.0,299306
2262,2.0,6.0,299307
2263,NA,NA,299309
2264,2.0,6.0,299310
2265,2.0,6.0,299311
2266,2.0,6.0,299312
2267,1.0,3.0,299314
2268,2.0,6.0,299315
2269,1.0,16.0,299316
2270,2.0,6.0,299317
2271,2.0,6.0,299318
2272,2.0,6.0,299319
2273,2.0,6.0,299320
2274,2.0,6.0,299321
2275,NA,NA,299322
2276,2.0,6.0,299323
2277,NA,NA,299324
2278,2.0,6.0,299325
2279,2.0,6.0,299326
2280,2.0,6.0,299327
2281,2.0,6.0,299328
2282,NA,NA,299330
2283,2.0,6.0,299331
2284,2.0,6.0,299332
2285,1.0,3.0,299333
2286,NA,NA,299334
2287,2.0,6.0,299335
2288,3.0,22.0,299336
2289,2.0,6.0,299337
2290,NA,NA,299338
2291,NA,NA,299339
2292,2.0,6.0,299340
2293,NA,NA,299341
2294,2.0,6.0,299342
2295,2.0,6.0,299343
2296,2.0,6.0,299344
2297,1.0,3.0,299345
2298,2.0,6.0,299346
2299,2.0,6.0,299347
2300,3.0,22.0,299349
2301,2.0,19.0,299350
2302,1.0,0.0,299351
2303,0.0,0.0,299352
2304,0.0,0.0,299353
2305,0.0,0.0,299354
2306,5.0,12.0,299355
2307,2.0,6.0,299356
2308,9.0,30.5,299357
2309,2.0,6.0,299358
2310,2.0,6.0,299359
2311,12.0,26.5,299360
2312,NA,NA,299361
2313,1.0,20.0,299362
2314,0.0,0.0,299363
2315,0.0,0.0,299364
2316,NA,NA,299365
2317,10.0,170.0,299366
2318,10.0,99.5,299368
2319,4.0,17.0,299369
2320,4.0,70.0,299370
2321,6.0,34.0,299371
2322,5.0,19.0,299372
2323,6.0,25.0,299374
2324,5.0,11.0,299375
2325,11.0,59.5,299377
2326,1.0,3.0,299378
2327,4.0,37.0,299379
2328,9.0,38.5,299381
2329,12.0,59.5,299382
2330,6.0,51.0,299383
2331,8.0,35.5,299384
2332,8.0,77.0,299385
2333,3.0,5.0,299387
2334,7.0,51.0,299388
2335,4.0,9.5,299389
2336,7.0,56.5,299391
2337,2.0,6.0,299392
2338,NA,NA,299393
2339,1.0,3.0,299394
2340,NA,NA,299395
2341,0.0,0.0,299396
2342,11.0,33.5,299399
2343,8.0,66.5,299400
2344,NA,NA,299401
2345,NA,NA,299402
2346,0.0,0.0,299403
2347,2.0,6.0,299405
2348,NA,NA,299406
2349,0.0,0.0,299407
2350,0.0,0.0,299408
2351,7.0,107.0,299410
2352,2.0,6.0,299412
2353,16.0,0.0,299414
2354,0.0,0.0,299415
2355,0.0,0.0,299416
2356,0.0,0.0,299417
2357,0.0,0.0,299418
2358,2.0,6.0,299419
2359,0.0,0.0,299420
2360,1.0,3.0,299421
2361,2.0,6.0,299422
2362,2.0,6.0,299425
2363,2.0,6.0,299426
2364,2.0,6.0,299428
2365,2.0,6.0,299429
2366,2.0,6.0,299430
2367,NA,NA,299431
2368,2.0,6.0,299433
2369,2.0,6.0,299434
2370,NA,NA,299435
2371,2.0,6.0,299436
2372,2.0,6.0,299437
2373,2.0,6.0,299439
2374,2.0,6.0,299440
2375,NA,NA,299442
2376,NA,NA,299443
2377,2.0,6.0,299444
2378,2.0,6.0,299445
2379,NA,NA,299446
2380,2.0,6.0,299447
2381,1.0,3.0,299448
2382,2.0,6.0,299449
2383,NA,NA,299450
2384,2.0,6.0,299451
2385,NA,NA,299452
2386,2.0,6.0,299453
2387,NA,NA,299454
2388,NA,NA,299457
2389,NA,NA,299458
2390,2.0,6.0,299459
2391,4.0,0.0,299460
2392,0.0,0.0,299461
2393,25.0,252.0,299462
2394,0.0,0.0,299464
2395,0.0,0.0,299465
2396,0.0,0.0,299466
2397,0.0,0.0,299467
2398,2.0,6.0,299468
