,id,mep_early,mep_early_byLevelRatio,mep_late,mep_late_byLevelRatio,mep_normal,mep_normal_byLevelRatio
0,285355,0.0,0.0,3.0,35.98,10.0,20.57
1,282628,1.0,12.32,2.0,34.46,19.0,48.65
2,278533,8.0,81.01,2.0,23.99,41.0,84.33
3,299379,0.0,0.0,2.0,37.48,21.0,62.98
4,294926,14.0,112.18,0.0,0.0,17.0,27.38
5,281261,0.0,0.0,2.0,23.99,47.0,96.67
6,239367,10.0,101.26,7.0,83.95,117.0,240.64
7,290136,34.0,272.44,29.0,282.36,86.0,138.53
8,299104,NA,NA,NA,NA,NA,NA
9,262163,2.0,16.03,2.0,19.47,9.0,14.5
10,213016,23.0,184.3,30.0,292.1,195.0,314.1
11,294937,4.0,32.05,2.0,19.47,14.0,22.55
12,299034,0.0,0.0,0.0,0.0,2.0,3.22
13,278555,1.0,10.13,3.0,35.98,21.0,43.19
14,258077,6.0,23.55,7.0,33.9,46.0,35.64
15,282058,35.0,354.42,40.0,479.74,281.0,577.94
16,294948,10.0,49.25,6.0,34.38,89.0,82.2
17,299045,27.0,216.35,9.0,87.63,59.0,95.04
18,290854,0.0,0.0,15.0,179.9,21.0,43.19
19,244401,8.0,81.01,4.0,47.97,31.0,63.76
20,249896,52.0,416.68,19.0,184.99,105.0,169.13
21,293103,0.0,0.0,5.0,48.68,7.0,11.28
22,213040,2.0,16.03,0.0,0.0,0.0,0.0
23,278577,8.0,64.1,11.0,107.1,31.0,49.93
24,282674,4.0,49.29,3.0,51.69,10.0,25.6
25,249908,19.0,152.25,14.0,136.31,67.0,107.92
26,292190,NA,NA,NA,NA,NA,NA
27,249910,0.0,0.0,51.0,496.56,91.0,146.58
28,202270,3.0,24.04,0.0,0.0,3.0,4.83
29,294972,25.0,123.13,19.0,108.87,132.0,121.92
30,282685,0.0,0.0,0.0,0.0,2.0,5.12
31,278590,13.0,104.17,21.0,204.47,78.0,125.64
32,262208,29.0,232.38,27.0,262.89,51.0,82.15
33,249921,5.0,40.07,9.0,87.63,16.0,25.77
34,262210,0.0,0.0,1.0,9.74,16.0,25.77
35,208964,0.0,0.0,5.0,48.68,49.0,78.93
36,221253,5.0,24.63,13.0,74.49,82.0,75.74
37,213062,18.0,144.23,19.0,184.99,113.0,182.02
38,294983,16.0,197.17,45.0,775.42,95.0,243.23
39,299081,4.0,47.6,2.0,37.48,16.0,47.98
40,278602,30.0,303.79,9.0,107.94,58.0,119.29
41,299083,3.0,35.7,4.0,74.95,15.0,44.98
42,258124,15.0,120.2,6.0,58.42,94.0,151.41
43,204130,2.0,16.03,3.0,29.21,33.0,53.16
44,299086,4.0,47.6,0.0,0.0,16.0,47.98
45,299087,6.0,71.4,0.0,0.0,32.0,95.96
46,299088,8.0,95.19,5.0,93.69,62.0,185.93
47,294994,0.0,0.0,0.0,0.0,12.0,19.33
48,281955,2.0,20.25,0.0,0.0,3.0,6.17
49,282708,4.0,49.29,1.0,17.23,7.0,17.92
50,266326,2.0,16.03,0.0,0.0,3.0,4.83
51,249943,0.0,0.0,9.0,87.63,2.0,3.22
52,262232,10.0,80.13,8.0,77.89,62.0,99.87
53,299097,87.0,262.91,26.0,79.67,399.0,303.74
54,299098,3.0,9.07,19.0,58.22,43.0,32.73
55,213084,21.0,168.27,63.0,613.4,90.0,144.97
56,299101,3.0,35.7,1.0,18.74,11.0,32.99
57,299102,19.0,57.42,33.0,101.11,73.0,55.57
58,295007,10.0,101.26,20.0,239.87,67.0,137.8
59,278624,1.0,8.01,1.0,9.74,17.0,27.38
60,266337,NA,NA,NA,NA,NA,NA
61,249954,8.0,64.1,0.0,0.0,97.0,156.25
62,294881,0.0,0.0,1.0,9.74,20.0,32.22
63,254052,NA,NA,NA,NA,NA,NA
64,299109,NA,NA,NA,NA,NA,NA
65,299111,NA,NA,NA,NA,NA,NA
66,299112,4.0,32.05,10.0,97.37,10.0,16.11
67,244412,10.0,80.13,8.0,77.89,49.0,78.93
68,286826,2.0,24.65,16.0,275.71,23.0,58.89
69,299115,NA,NA,NA,NA,NA,NA
70,282732,11.0,135.56,2.0,34.46,62.0,158.74
71,258157,NA,NA,NA,NA,NA,NA
72,299118,10.0,118.99,0.0,0.0,56.0,167.94
73,299119,2.0,23.8,5.0,93.69,8.0,23.99
74,299120,17.0,83.73,0.0,0.0,81.0,74.81
75,299121,10.0,118.99,19.0,356.04,74.0,221.91
76,299122,NA,NA,NA,NA,NA,NA
77,213107,NA,NA,NA,NA,NA,NA
78,299124,15.0,58.87,4.0,19.37,140.0,108.46
79,275134,10.0,80.13,3.0,29.21,61.0,98.26
80,278646,47.0,475.94,22.0,263.86,48.0,98.72
81,282743,9.0,110.91,6.0,103.39,42.0,107.53
82,249976,0.0,0.0,0.0,0.0,9.0,14.5
83,266361,14.0,112.18,10.0,97.37,62.0,99.87
84,292202,2.0,24.65,10.0,172.32,76.0,194.59
85,204926,12.0,96.16,5.0,48.68,106.0,170.74
86,299135,0.0,0.0,2.0,34.46,9.0,23.04
87,213120,NA,NA,NA,NA,NA,NA
88,290945,0.0,0.0,0.0,0.0,18.0,37.02
89,282754,10.0,123.23,3.0,51.69,28.0,71.69
90,299383,1.0,11.9,1.0,18.74,7.0,20.99
91,299140,8.0,98.59,2.0,34.46,36.0,92.17
92,299141,NA,NA,NA,NA,NA,NA
93,289121,4.0,40.51,6.0,71.96,37.0,76.1
94,237703,33.0,162.54,23.0,131.79,120.0,110.83
95,225416,6.0,48.08,7.0,68.16,30.0,48.32
96,238956,7.0,56.09,19.0,184.99,42.0,67.65
97,299146,NA,NA,NA,NA,NA,NA
98,213131,NA,NA,NA,NA,NA,NA
99,299148,4.0,49.29,0.0,0.0,16.0,40.97
100,299149,42.0,206.86,48.0,275.05,208.0,192.11
101,299150,2.0,23.8,0.0,0.0,36.0,107.96
102,262287,45.0,360.59,22.0,214.2,189.0,304.44
103,299152,9.0,110.91,12.0,206.78,50.0,128.02
104,299153,NA,NA,NA,NA,NA,NA
105,237714,0.0,0.0,5.0,48.68,17.0,27.38
106,241811,1.0,8.01,0.0,0.0,7.0,11.28
107,299156,0.0,0.0,2.0,19.47,2.0,3.22
108,218478,2.0,16.03,4.0,38.95,38.0,61.21
109,213142,11.0,88.14,21.0,204.47,51.0,82.15
110,299159,17.0,136.22,2.0,19.47,29.0,46.71
111,299160,10.0,80.13,0.0,0.0,28.0,45.1
112,266394,9.0,72.12,14.0,136.31,88.0,141.75
113,299163,2.0,16.03,2.0,19.47,4.0,6.44
114,258204,NA,NA,NA,NA,NA,NA
115,237725,26.0,208.34,18.0,175.26,132.0,212.62
116,299166,10.0,101.26,2.0,23.99,18.0,37.02
117,233631,2.0,16.03,10.0,97.37,8.0,12.89
118,286154,NA,NA,NA,NA,NA,NA
119,213153,15.0,120.2,5.0,48.68,29.0,46.71
120,299170,NA,NA,NA,NA,NA,NA
121,286883,4.0,49.29,1.0,17.23,9.0,23.04
122,274596,4.0,32.05,4.0,38.95,26.0,41.88
123,299173,0.0,0.0,0.0,0.0,6.0,12.34
124,289564,19.0,234.14,2.0,34.46,80.0,204.83
125,258215,1.0,8.01,1.0,9.74,16.0,25.77
126,262312,1.0,8.01,1.0,9.74,45.0,72.49
127,250025,1.0,3.92,4.0,19.37,8.0,6.2
128,299178,3.0,30.38,0.0,0.0,15.0,30.85
129,244423,9.0,72.12,13.0,126.58,70.0,112.76
130,299180,28.0,283.54,0.0,0.0,16.0,32.91
131,289837,3.0,30.38,14.0,167.91,57.0,117.23
132,240327,8.0,64.1,19.0,184.99,83.0,133.7
133,274461,0.0,0.0,0.0,0.0,11.0,17.72
134,299184,4.0,40.51,0.0,0.0,5.0,10.28
135,266417,33.0,264.43,11.0,107.1,170.0,273.83
136,274610,29.0,232.38,28.0,272.62,270.0,434.91
137,262323,NA,NA,NA,NA,NA,NA
138,250036,0.0,0.0,0.0,0.0,49.0,45.26
139,299189,8.0,64.1,6.0,58.42,20.0,32.22
140,299190,2.0,20.25,4.0,47.97,23.0,47.3
141,213175,1.0,8.01,9.0,87.63,38.0,61.21
142,299192,2.0,20.25,1.0,11.99,4.0,8.23
143,288116,3.0,36.97,0.0,0.0,1.0,2.56
144,299194,0.0,0.0,4.0,47.97,0.0,0.0
145,299196,2.0,20.25,8.0,95.95,12.0,24.68
146,274621,NA,NA,NA,NA,NA,NA
147,262334,22.0,176.29,13.0,126.58,126.0,202.96
148,250047,20.0,160.26,3.0,29.21,31.0,49.93
149,299200,28.0,283.54,0.0,0.0,31.0,63.76
150,299201,5.0,50.63,2.0,23.99,2.0,4.11
151,213186,NA,NA,NA,NA,NA,NA
152,299203,23.0,283.43,2.0,34.46,23.0,58.89
153,299204,NA,NA,NA,NA,NA,NA
154,290158,0.0,0.0,2.0,23.99,21.0,43.19
155,299206,0.0,0.0,0.0,0.0,2.0,5.12
156,288801,13.0,131.64,34.0,407.78,124.0,255.03
157,274632,0.0,0.0,4.0,47.97,10.0,20.57
158,299209,0.0,0.0,0.0,0.0,3.0,7.68
159,299210,0.0,0.0,0.0,0.0,5.0,12.8
160,299211,2.0,24.65,2.0,34.46,30.0,76.81
161,299212,5.0,61.62,2.0,34.46,19.0,48.65
162,213197,4.0,19.7,3.0,17.19,18.0,16.62
163,299214,NA,NA,NA,NA,NA,NA
164,293581,NA,NA,NA,NA,NA,NA
165,299216,6.0,73.94,0.0,0.0,5.0,12.8
166,299217,NA,NA,NA,NA,NA,NA
167,291026,10.0,101.26,8.0,95.95,32.0,65.81
168,299220,NA,NA,NA,NA,NA,NA
169,299221,5.0,61.62,0.0,0.0,6.0,15.36
170,299222,27.0,332.73,0.0,0.0,27.0,69.13
171,299223,0.0,0.0,0.0,0.0,6.0,15.36
172,299224,NA,NA,NA,NA,NA,NA
173,299225,5.0,61.62,5.0,86.16,0.0,0.0
174,299226,6.0,73.94,0.0,0.0,5.0,12.8
175,213211,4.0,32.05,3.0,29.21,21.0,33.83
176,288663,32.0,394.34,81.0,1395.76,180.0,460.86
177,277882,4.0,40.51,0.0,0.0,41.0,84.33
178,274654,7.0,56.09,1.0,9.74,34.0,54.77
179,266463,1.0,8.01,7.0,68.16,16.0,25.77
180,299232,0.0,0.0,0.0,0.0,6.0,15.36
181,299233,2.0,24.65,0.0,0.0,4.0,10.24
182,299234,NA,NA,NA,NA,NA,NA
183,217316,4.0,32.05,1.0,9.74,28.0,45.1
184,209125,NA,NA,NA,NA,NA,NA
185,299238,NA,NA,NA,NA,NA,NA
186,299239,12.0,142.79,0.0,0.0,1.0,3.0
187,282856,NA,NA,NA,NA,NA,NA
188,299241,2.0,23.8,0.0,0.0,17.0,50.98
189,299242,NA,NA,NA,NA,NA,NA
190,299243,14.0,166.59,0.0,0.0,15.0,44.98
191,262380,5.0,40.07,21.0,204.47,57.0,91.81
192,250093,NA,NA,NA,NA,NA,NA
193,299246,NA,NA,NA,NA,NA,NA
194,233711,18.0,70.64,9.0,43.59,68.0,52.68
195,299248,NA,NA,NA,NA,NA,NA
196,213233,NA,NA,NA,NA,NA,NA
197,299250,NA,NA,NA,NA,NA,NA
198,286963,4.0,49.29,0.0,0.0,88.0,225.31
199,274676,4.0,40.51,11.0,131.93,32.0,65.81
200,299114,NA,NA,NA,NA,NA,NA
201,258294,12.0,59.1,10.0,57.3,46.0,42.49
202,299255,0.0,0.0,1.0,18.74,4.0,12.0
203,299256,8.0,95.19,3.0,56.22,33.0,98.96
204,229625,0.0,0.0,1.0,9.74,15.0,24.16
205,217338,0.0,0.0,6.0,58.42,18.0,28.99
206,288127,8.0,98.59,0.0,0.0,11.0,28.16
207,299260,NA,NA,NA,NA,NA,NA
208,299261,NA,NA,NA,NA,NA,NA
209,286974,12.0,121.52,8.0,95.95,67.0,137.8
210,299263,36.0,364.55,63.0,755.59,203.0,417.51
211,299264,3.0,30.38,14.0,167.91,40.0,82.27
212,296320,25.0,200.33,3.0,29.21,162.0,260.95
213,299266,2.0,23.8,1.0,18.74,1.0,3.0
214,262403,2.0,16.03,0.0,0.0,23.0,37.05
215,229636,32.0,125.58,18.0,87.17,60.0,46.48
216,233733,6.0,48.08,10.0,97.37,76.0,122.42
217,299270,9.0,72.12,15.0,146.05,38.0,61.21
218,299251,NA,NA,NA,NA,NA,NA
219,259834,6.0,48.08,1.0,9.74,12.0,19.33
220,299274,4.0,40.51,3.0,35.98,29.0,59.64
221,299275,9.0,91.14,6.0,71.96,4.0,8.23
222,299276,2.0,20.25,3.0,35.98,30.0,61.7
223,263554,10.0,101.26,4.0,47.97,40.0,82.27
224,299278,4.0,40.51,6.0,71.96,47.0,96.67
225,241935,19.0,152.25,23.0,223.94,60.0,96.65
226,299280,4.0,40.51,0.0,0.0,24.0,49.36
227,221457,15.0,120.2,23.0,223.94,112.0,180.41
228,299282,8.0,81.01,9.0,107.94,33.0,67.87
229,299283,26.0,263.28,2.0,23.99,40.0,82.27
230,286996,NA,NA,NA,NA,NA,NA
231,265972,9.0,72.12,1.0,9.74,53.0,85.37
232,278806,NA,NA,NA,NA,NA,NA
233,282903,1.0,8.01,2.0,19.47,9.0,14.5
234,299288,3.0,30.38,0.0,0.0,7.0,14.4
235,296251,0.0,0.0,0.0,0.0,3.0,4.83
236,241946,6.0,23.55,15.0,72.65,104.0,80.57
237,299291,2.0,20.25,3.0,35.98,38.0,78.16
238,229660,4.0,19.7,6.0,34.38,32.0,29.56
239,299293,8.0,81.01,4.0,47.97,53.0,109.01
240,221470,10.0,80.13,28.0,272.62,46.0,74.1
241,286085,8.0,98.59,0.0,0.0,35.0,89.61
242,299296,NA,NA,NA,NA,NA,NA
243,299056,31.0,152.69,28.0,160.44,87.0,80.35
244,282914,7.0,56.09,8.0,77.89,54.0,86.98
245,270627,0.0,0.0,2.0,19.47,5.0,8.05
246,262436,0.0,0.0,0.0,0.0,5.0,8.05
247,241957,8.0,64.1,12.0,116.84,74.0,119.2
248,299302,0.0,0.0,0.0,0.0,19.0,39.08
249,229671,9.0,44.33,1.0,5.73,40.0,36.94
250,299304,NA,NA,NA,NA,NA,NA
251,221481,NA,NA,NA,NA,NA,NA
252,299306,8.0,81.01,2.0,23.99,42.0,86.38
253,299215,NA,NA,NA,NA,NA,NA
254,291117,2.0,20.25,4.0,47.97,31.0,63.76
255,270638,66.0,668.34,13.0,155.92,190.0,390.78
256,262447,2.0,16.03,15.0,146.05,29.0,46.71
257,270640,2.0,16.03,0.0,0.0,61.0,98.26
258,246065,0.0,0.0,2.0,19.47,1.0,1.61
259,241970,1.0,8.01,9.0,87.63,36.0,57.99
260,299315,5.0,61.62,4.0,68.93,28.0,71.69
261,221492,1.0,3.92,0.0,0.0,38.0,29.44
262,299317,0.0,0.0,0.0,0.0,5.0,12.8
263,299318,12.0,147.88,2.0,34.46,41.0,104.97
264,299319,9.0,110.91,0.0,0.0,23.0,58.89
265,291128,8.0,81.01,9.0,107.94,25.0,51.42
266,262196,0.0,0.0,0.0,0.0,4.0,6.44
267,266554,21.0,168.27,6.0,58.42,62.0,99.87
268,254267,2.0,9.85,0.0,0.0,22.0,20.32
269,299324,NA,NA,NA,NA,NA,NA
270,241981,11.0,88.14,2.0,19.47,159.0,256.12
271,299326,6.0,71.4,9.0,168.65,25.0,74.97
272,299327,5.0,59.5,1.0,18.74,63.0,188.93
273,221504,17.0,83.73,18.0,103.14,66.0,60.96
274,299330,24.0,285.58,27.0,505.95,52.0,155.94
275,292235,NA,NA,NA,NA,NA,NA
276,299332,6.0,71.4,4.0,74.95,17.0,50.98
277,299333,6.0,71.4,9.0,168.65,39.0,116.96
278,299334,12.0,142.79,6.0,112.43,30.0,89.97
279,299335,NA,NA,NA,NA,NA,NA
280,241992,NA,NA,NA,NA,NA,NA
281,229705,14.0,112.18,4.0,38.95,19.0,30.6
282,299338,8.0,95.19,1.0,18.74,20.0,59.98
283,221515,3.0,24.04,0.0,0.0,2.0,3.22
284,299340,36.0,428.38,0.0,0.0,54.0,161.94
285,299341,16.0,190.39,5.0,93.69,51.0,152.94
286,282958,NA,NA,NA,NA,NA,NA
287,299117,NA,NA,NA,NA,NA,NA
288,282960,0.0,0.0,2.0,11.46,9.0,8.31
289,270673,4.0,40.51,10.0,119.93,41.0,84.33
290,262482,2.0,16.03,0.0,0.0,51.0,82.15
291,287102,2.0,16.03,0.0,0.0,7.0,11.28
292,229716,28.0,224.37,3.0,29.21,71.0,114.37
293,299349,18.0,144.23,2.0,19.47,65.0,104.7
294,221526,22.0,86.34,10.0,48.43,51.0,39.51
295,299351,42.0,126.92,90.0,275.77,153.0,116.47
296,209240,2.0,16.03,0.0,0.0,9.0,14.5
297,299353,40.0,120.88,15.0,45.96,118.0,89.83
298,239378,19.0,152.25,24.0,233.68,71.0,114.37
299,299355,22.0,271.11,10.0,172.32,66.0,168.98
300,270684,2.0,24.65,0.0,0.0,17.0,43.53
301,299357,NA,NA,NA,NA,NA,NA
302,299358,2.0,23.8,2.0,37.48,9.0,26.99
303,229727,1.0,8.01,10.0,97.37,26.0,41.88
304,299360,11.0,43.17,10.0,48.43,132.0,102.27
305,299361,NA,NA,NA,NA,NA,NA
306,299362,NA,NA,NA,NA,NA,NA
307,299363,11.0,135.56,5.0,86.16,29.0,74.25
308,295268,0.0,0.0,0.0,0.0,4.0,6.44
309,299365,NA,NA,NA,NA,NA,NA
310,282982,1.0,12.32,14.0,241.24,53.0,135.7
311,290193,55.0,556.95,104.0,1247.32,303.0,623.18
312,258408,2.0,16.03,2.0,19.47,5.0,8.05
313,299369,9.0,107.09,6.0,112.43,20.0,59.98
314,254314,6.0,48.08,0.0,0.0,19.0,30.6
315,233835,0.0,0.0,21.0,204.47,46.0,74.1
316,225644,0.0,0.0,0.0,0.0,9.0,14.5
317,209262,16.0,62.79,12.0,58.12,36.0,27.89
318,286781,5.0,50.63,7.0,83.95,31.0,63.76
319,291185,8.0,81.01,0.0,0.0,45.0,92.55
320,299378,12.0,142.79,5.0,93.69,61.0,182.93
321,282003,5.0,50.63,6.0,71.96,50.0,102.84
322,299381,6.0,71.4,6.0,112.43,11.0,32.99
323,237942,25.0,123.13,26.0,148.98,145.0,133.92
324,229751,1.0,8.01,1.0,9.74,8.0,12.89
325,299384,13.0,154.69,6.0,112.43,47.0,140.95
326,209273,4.0,32.05,2.0,19.47,19.0,30.6
327,299387,24.0,285.58,46.0,861.98,101.0,302.88
328,291196,NA,NA,NA,NA,NA,NA
329,299389,NA,NA,NA,NA,NA,NA
330,278910,17.0,172.15,12.0,143.92,82.0,168.65
331,295042,10.0,123.23,12.0,206.78,41.0,104.97
332,299392,1.0,11.9,7.0,131.17,19.0,56.98
333,233857,0.0,0.0,6.0,34.38,33.0,30.48
334,229762,12.0,96.16,20.0,194.73,52.0,83.76
335,299395,1.0,11.9,1.0,18.74,3.0,9.0
336,209284,7.0,56.09,12.0,116.84,57.0,91.81
337,299399,11.0,88.14,8.0,77.89,36.0,57.99
338,291208,3.0,36.97,4.0,68.93,9.0,23.04
339,278921,13.0,131.64,5.0,59.97,53.0,109.01
340,299402,3.0,36.97,5.0,86.16,11.0,28.16
341,299403,2.0,23.8,0.0,0.0,35.0,104.96
342,237964,27.0,132.98,18.0,103.14,171.0,157.94
343,288834,5.0,40.07,10.0,97.37,33.0,53.16
344,299406,34.0,418.99,6.0,103.39,76.0,194.59
345,209295,11.0,88.14,11.0,107.1,96.0,154.64
346,299408,24.0,192.31,4.0,38.95,139.0,223.9
347,299410,4.0,49.29,1.0,17.23,17.0,43.53
348,295315,0.0,0.0,10.0,119.93,6.0,12.34
349,278932,4.0,40.51,6.0,71.96,17.0,34.96
350,291221,0.0,0.0,1.0,9.74,6.0,9.66
351,270742,0.0,0.0,0.0,0.0,16.0,25.77
352,262551,8.0,64.1,0.0,0.0,85.0,136.92
353,229784,NA,NA,NA,NA,NA,NA
354,299417,NA,NA,NA,NA,NA,NA
355,299418,NA,NA,NA,NA,NA,NA
356,209307,1.0,8.01,2.0,19.47,7.0,11.28
357,299420,NA,NA,NA,NA,NA,NA
358,299421,3.0,36.97,0.0,0.0,64.0,163.86
359,299422,16.0,197.17,6.0,103.39,54.0,138.26
360,278943,2.0,16.03,18.0,175.26,74.0,119.2
361,291232,0.0,0.0,0.0,0.0,4.0,10.24
362,270753,NA,NA,NA,NA,NA,NA
363,237986,6.0,48.08,7.0,68.16,54.0,86.98
364,229795,24.0,118.21,26.0,148.98,113.0,104.37
365,299428,2.0,23.8,1.0,18.74,10.0,29.99
366,299078,5.0,59.5,5.0,93.69,18.0,53.98
367,299430,0.0,0.0,0.0,0.0,14.0,41.98
368,299431,NA,NA,NA,NA,NA,NA
369,286108,1.0,10.13,2.0,23.99,23.0,47.3
370,201130,0.0,0.0,0.0,0.0,18.0,28.99
371,299079,16.0,190.39,9.0,168.65,144.0,431.83
372,283052,10.0,123.23,13.0,224.01,107.0,273.96
373,237997,5.0,24.63,2.0,11.46,107.0,98.83
374,254382,16.0,128.21,5.0,48.68,36.0,57.99
375,299439,NA,NA,NA,NA,NA,NA
376,299440,2.0,23.8,8.0,149.91,7.0,20.99
377,299442,25.0,297.48,29.0,543.42,43.0,128.95
378,209331,4.0,32.05,3.0,29.21,31.0,49.93
379,299444,NA,NA,NA,NA,NA,NA
380,299445,16.0,197.17,5.0,86.16,31.0,79.37
381,291254,4.0,49.29,3.0,51.69,17.0,43.53
382,270775,NA,NA,NA,NA,NA,NA
383,266680,9.0,72.12,3.0,29.21,36.0,57.99
384,299449,NA,NA,NA,NA,NA,NA
385,229818,51.0,408.66,32.0,311.57,145.0,233.56
386,299451,NA,NA,NA,NA,NA,NA
387,229820,0.0,0.0,0.0,0.0,13.0,12.01
388,299082,1.0,11.9,1.0,18.74,10.0,29.99
389,209342,0.0,0.0,10.0,97.37,37.0,59.6
390,291265,10.0,123.23,4.0,68.93,62.0,158.74
391,274882,4.0,32.05,2.0,19.47,5.0,8.05
392,299459,NA,NA,NA,NA,NA,NA
393,294620,0.0,0.0,3.0,35.98,21.0,43.19
394,299461,NA,NA,NA,NA,NA,NA
395,289028,2.0,16.03,3.0,29.21,1.0,1.61
396,238023,20.0,160.26,3.0,29.21,71.0,114.37
397,299464,NA,NA,NA,NA,NA,NA
398,209353,0.0,0.0,0.0,0.0,6.0,9.66
399,297015,42.0,164.83,81.0,392.29,157.0,121.64
400,299467,NA,NA,NA,NA,NA,NA
401,291276,1.0,10.13,11.0,131.93,35.0,71.98
402,283085,0.0,0.0,1.0,11.99,19.0,39.08
403,299394,0.0,0.0,0.0,0.0,14.0,35.84
404,297037,16.0,128.21,3.0,29.21,42.0,67.65
405,247115,5.0,40.07,10.0,97.37,53.0,85.37
406,213461,NA,NA,NA,NA,NA,NA
407,290078,22.0,222.78,17.0,203.89,160.0,329.07
408,291287,5.0,50.63,8.0,95.95,47.0,96.67
409,283096,NA,NA,NA,NA,NA,NA
410,274905,2.0,16.03,0.0,0.0,39.0,62.82
411,299298,48.0,486.06,30.0,359.8,133.0,273.54
412,250333,16.0,128.21,9.0,87.63,94.0,151.41
413,289531,2.0,24.65,0.0,0.0,0.0,0.0
414,274916,0.0,0.0,1.0,9.74,3.0,4.83
415,291301,3.0,30.38,13.0,155.92,59.0,121.35
416,254438,10.0,49.25,5.0,28.65,35.0,32.33
417,264273,42.0,336.55,31.0,301.83,114.0,183.63
418,217577,0.0,0.0,0.0,0.0,17.0,27.38
419,201196,NA,NA,NA,NA,NA,NA
420,299090,24.0,94.19,25.0,121.08,91.0,70.5
421,285550,2.0,16.03,4.0,38.95,52.0,83.76
422,283121,0.0,0.0,0.0,0.0,10.0,20.57
423,299091,16.0,128.21,2.0,19.47,45.0,72.49
424,246260,10.0,80.13,26.0,253.15,107.0,172.35
425,208645,0.0,0.0,0.0,0.0,20.0,32.22
426,201208,26.0,208.34,11.0,107.1,125.0,201.35
427,299092,21.0,212.65,25.0,299.84,97.0,199.5
428,294961,42.0,206.86,22.0,126.06,67.0,61.88
429,291323,9.0,91.14,0.0,0.0,52.0,106.95
430,283132,0.0,0.0,0.0,0.0,3.0,6.17
431,262653,0.0,0.0,0.0,0.0,10.0,16.11
432,254462,32.0,125.58,24.0,116.23,103.0,79.8
433,237474,28.0,224.37,29.0,282.36,190.0,306.05
434,295680,3.0,36.97,1.0,17.23,5.0,12.8
435,299123,2.0,16.03,2.0,19.47,2.0,3.22
436,295428,3.0,24.04,14.0,136.31,54.0,86.98
437,299094,2.0,16.03,0.0,0.0,70.0,112.76
438,291334,0.0,0.0,1.0,11.99,27.0,55.53
439,283143,15.0,151.89,8.0,95.95,27.0,55.53
440,262664,NA,NA,NA,NA,NA,NA
441,250377,8.0,31.4,7.0,33.9,29.0,22.47
442,299095,76.0,229.67,65.0,199.16,162.0,123.32
443,299462,NA,NA,NA,NA,NA,NA
444,205326,46.0,368.6,2.0,19.47,149.0,240.01
445,284077,30.0,240.39,21.0,204.47,204.0,328.6
446,291345,NA,NA,NA,NA,NA,NA
447,262675,0.0,0.0,14.0,136.31,16.0,25.77
448,250388,9.0,44.33,7.0,40.11,15.0,13.85
449,246293,19.0,152.25,3.0,29.21,43.0,69.26
450,250390,9.0,72.12,30.0,292.1,91.0,146.58
451,234007,59.0,472.77,45.0,438.14,211.0,339.88
452,213528,0.0,0.0,3.0,29.21,13.0,20.94
453,250628,3.0,30.38,0.0,0.0,10.0,20.57
454,289440,49.0,496.19,51.0,611.67,376.0,773.32
455,286985,0.0,0.0,3.0,51.69,10.0,25.6
456,284762,20.0,202.53,19.0,227.88,25.0,51.42
457,254495,1.0,8.01,0.0,0.0,24.0,38.66
458,246305,5.0,40.07,12.0,116.84,16.0,25.77
459,250402,30.0,117.73,4.0,19.37,220.0,170.44
460,217635,20.0,98.51,7.0,40.11,109.0,100.67
461,289542,NA,NA,NA,NA,NA,NA
462,295463,2.0,16.03,0.0,0.0,27.0,43.49
463,274984,0.0,0.0,4.0,22.92,49.0,45.26
464,262697,14.0,112.18,3.0,29.21,51.0,82.15
465,270890,32.0,256.42,0.0,0.0,46.0,74.1
466,258603,0.0,0.0,1.0,11.99,6.0,12.34
467,246316,21.0,103.43,2.0,11.46,108.0,99.75
468,250413,0.0,0.0,2.0,19.47,7.0,11.28
469,291378,6.0,60.76,1.0,11.99,41.0,84.33
470,270902,21.0,168.27,5.0,48.68,47.0,75.71
471,246327,18.0,144.23,28.0,272.62,149.0,240.01
472,254520,0.0,0.0,8.0,45.84,12.0,11.08
473,283198,0.0,0.0,0.0,0.0,13.0,26.74
474,291391,0.0,0.0,3.0,35.98,14.0,28.79
475,275008,19.0,152.25,17.0,165.52,123.0,198.13
476,283201,0.0,0.0,0.0,0.0,2.0,5.12
477,246338,10.0,80.13,17.0,165.52,25.0,40.27
478,250435,2.0,9.85,6.0,34.38,26.0,24.01
479,246340,4.0,19.7,2.0,11.46,47.0,43.41
480,282721,5.0,61.62,4.0,68.93,40.0,102.41
481,295496,1.0,8.01,0.0,0.0,5.0,8.05
482,266827,13.0,104.17,7.0,68.16,140.0,225.51
483,258636,11.0,54.18,3.0,17.19,18.0,16.62
484,262733,NA,NA,NA,NA,NA,NA
485,250446,20.0,98.51,13.0,74.49,93.0,85.9
486,246351,NA,NA,NA,NA,NA,NA
487,225872,2.0,16.03,0.0,0.0,55.0,88.59
488,213585,0.0,0.0,0.0,0.0,4.0,6.44
489,299107,22.0,176.29,14.0,136.31,21.0,33.83
490,299372,3.0,35.7,10.0,187.39,19.0,56.98
491,262926,0.0,0.0,34.0,331.04,39.0,62.82
492,266838,16.0,62.79,16.0,77.49,257.0,199.11
493,292281,5.0,61.62,2.0,34.46,52.0,133.14
494,262744,3.0,24.04,0.0,0.0,16.0,25.77
495,250457,0.0,0.0,2.0,19.47,14.0,22.55
496,246362,8.0,64.1,5.0,48.68,45.0,72.49
497,271120,2.0,20.25,3.0,35.98,8.0,16.45
498,250468,21.0,103.43,2.0,11.46,54.0,49.87
499,250470,10.0,80.13,27.0,262.89,47.0,75.71
500,217704,72.0,576.94,14.0,136.31,229.0,368.87
501,287124,8.0,64.1,19.0,184.99,38.0,61.21
502,293650,NA,NA,NA,NA,NA,NA
503,266862,35.0,280.46,26.0,253.15,93.0,149.8
504,251325,8.0,64.1,4.0,38.95,22.0,35.44
505,246384,6.0,29.55,10.0,57.3,83.0,76.66
506,250481,4.0,32.05,12.0,116.84,67.0,107.92
507,225906,NA,NA,NA,NA,NA,NA
508,217715,4.0,32.05,0.0,0.0,4.0,6.44
509,205428,NA,NA,NA,NA,NA,NA
510,283256,35.0,354.42,11.0,131.93,86.0,176.88
511,266873,0.0,0.0,1.0,5.73,9.0,8.31
512,254586,1.0,8.01,0.0,0.0,5.0,8.05
513,246395,7.0,34.48,19.0,108.87,8.0,7.39
514,250492,8.0,39.4,2.0,11.46,27.0,24.94
515,225917,10.0,80.13,2.0,19.47,70.0,112.76
516,234111,14.0,112.18,28.0,272.62,40.0,64.43
517,205441,44.0,352.57,23.0,223.94,151.0,243.23
518,270981,NA,NA,NA,NA,NA,NA
519,225928,2.0,16.03,9.0,87.63,72.0,115.98
520,299116,NA,NA,NA,NA,NA,NA
521,225930,37.0,296.48,9.0,87.63,223.0,359.21
522,205452,2.0,16.03,13.0,126.58,42.0,67.65
523,295565,81.0,649.06,42.0,408.94,282.0,454.24
524,266895,12.0,59.1,12.0,68.76,82.0,75.74
525,270992,4.0,32.05,1.0,9.74,6.0,9.66
526,246418,0.0,0.0,0.0,0.0,8.0,12.89
527,250515,38.0,304.5,21.0,204.47,78.0,125.64
528,299323,6.0,73.94,0.0,0.0,18.0,46.09
529,225941,NA,NA,NA,NA,NA,NA
530,205463,NA,NA,NA,NA,NA,NA
531,296912,29.0,353.66,11.0,203.7,83.0,364.04
532,275098,38.0,384.8,4.0,47.97,39.0,80.21
533,267034,35.0,280.46,7.0,68.16,123.0,198.13
534,250526,0.0,0.0,3.0,29.21,22.0,35.44
535,225952,0.0,0.0,0.0,0.0,4.0,3.69
536,288880,19.0,192.4,2.0,23.99,23.0,47.3
537,248118,11.0,54.18,12.0,68.76,60.0,55.42
538,201380,6.0,48.08,8.0,77.89,39.0,62.82
539,275260,6.0,48.08,4.0,38.95,10.0,16.11
540,271016,1.0,8.01,1.0,9.74,5.0,8.05
541,250537,64.0,315.22,43.0,246.4,265.0,244.76
542,225963,8.0,64.1,7.0,68.16,32.0,51.55
543,299265,20.0,246.46,3.0,51.69,16.0,40.97
544,295598,10.0,80.13,4.0,38.95,38.0,61.21
545,287408,14.0,112.18,6.0,58.42,83.0,133.7
546,295601,4.0,40.51,6.0,71.96,18.0,37.02
547,287410,9.0,72.12,6.0,58.42,104.0,167.52
548,297083,3.0,35.7,3.0,56.22,17.0,50.98
549,225974,19.0,152.25,7.0,68.16,293.0,471.96
550,295612,8.0,98.59,15.0,258.47,41.0,104.97
551,273866,28.0,224.37,43.0,418.67,236.0,380.15
552,262846,11.0,88.14,11.0,107.1,27.0,43.49
553,286837,1.0,12.32,3.0,51.69,37.0,94.73
554,271040,4.0,49.29,8.0,137.85,86.0,220.19
555,250561,24.0,94.19,10.0,48.43,138.0,106.92
556,242370,46.0,368.6,12.0,116.84,76.0,122.42
557,205508,NA,NA,NA,NA,NA,NA
558,290934,2.0,20.25,3.0,35.98,56.0,115.18
559,295623,NA,NA,NA,NA,NA,NA
560,262857,NA,NA,NA,NA,NA,NA
561,271051,2.0,20.25,0.0,0.0,5.0,10.28
562,225996,0.0,0.0,2.0,19.47,17.0,27.38
563,293353,NA,NA,NA,NA,NA,NA
564,245197,22.0,176.29,36.0,350.52,32.0,51.55
565,299388,12.0,142.79,15.0,281.08,51.0,152.94
566,295634,NA,NA,NA,NA,NA,NA
567,283347,7.0,34.48,10.0,57.3,25.0,23.09
568,262868,0.0,0.0,4.0,38.95,45.0,72.49
569,242392,21.0,168.27,4.0,38.95,43.0,69.26
570,291356,1.0,12.32,0.0,0.0,0.0,0.0
571,254757,0.0,0.0,0.0,0.0,4.0,3.69
572,271073,6.0,73.94,0.0,0.0,19.0,48.65
573,284215,34.0,344.29,8.0,95.95,182.0,374.32
574,201447,NA,NA,NA,NA,NA,NA
575,295656,NA,NA,NA,NA,NA,NA
576,287465,NA,NA,NA,NA,NA,NA
577,266986,11.0,54.18,8.0,45.84,76.0,70.19
578,262892,NA,NA,NA,NA,NA,NA
579,250606,2.0,16.03,1.0,9.74,22.0,35.44
580,276605,2.0,20.25,5.0,59.97,25.0,51.42
581,226033,9.0,72.12,4.0,38.95,50.0,80.54
582,254531,49.0,241.34,45.0,257.86,387.0,357.44
583,295667,16.0,197.17,7.0,120.62,35.0,89.61
584,287476,6.0,60.76,0.0,0.0,6.0,12.34
585,213118,0.0,0.0,0.0,0.0,11.0,17.72
586,283382,26.0,263.28,15.0,179.9,122.0,250.92
587,258807,2.0,16.03,3.0,29.21,51.0,82.15
588,299154,NA,NA,NA,NA,NA,NA
589,295678,8.0,98.59,5.0,86.16,22.0,56.33
590,287487,NA,NA,NA,NA,NA,NA
591,279296,3.0,24.04,0.0,0.0,17.0,27.38
592,286848,NA,NA,NA,NA,NA,NA
593,262915,59.0,472.77,47.0,457.62,190.0,306.05
594,258820,5.0,40.07,5.0,48.68,65.0,104.7
595,242437,3.0,24.04,8.0,77.89,49.0,78.93
596,299268,0.0,0.0,0.0,0.0,7.0,14.4
597,230152,10.0,80.13,4.0,38.95,124.0,199.74
598,287498,2.0,16.03,11.0,107.1,68.0,109.53
599,295691,2.0,24.65,8.0,137.85,21.0,53.77
600,286850,27.0,273.41,15.0,179.9,66.0,135.74
601,271118,9.0,91.14,8.0,95.95,80.0,164.54
602,258831,3.0,24.04,4.0,38.95,27.0,43.49
603,242448,1.0,8.01,17.0,165.52,107.0,172.35
604,234257,34.0,272.44,13.0,126.58,214.0,344.71
605,242450,4.0,32.05,3.0,29.21,18.0,28.99
606,295703,2.0,24.65,0.0,0.0,4.0,10.24
607,297130,NA,NA,NA,NA,NA,NA
608,258842,5.0,40.07,10.0,97.37,136.0,219.07
609,271131,0.0,0.0,3.0,35.98,24.0,49.36
610,242461,13.0,104.17,5.0,48.68,71.0,114.37
611,299382,0.0,0.0,0.0,0.0,6.0,17.99
612,254768,26.0,208.34,8.0,77.89,88.0,141.75
613,295714,17.0,209.49,36.0,620.34,112.0,286.76
614,245426,49.0,392.64,16.0,155.78,66.0,106.31
615,279332,34.0,167.46,85.0,487.06,177.0,163.48
616,258853,2.0,16.03,2.0,19.47,23.0,37.05
617,271142,21.0,212.65,19.0,227.88,224.0,460.7
618,299285,11.0,111.39,2.0,23.99,34.0,69.93
619,242472,13.0,131.64,0.0,0.0,23.0,47.3
620,299143,38.0,304.5,5.0,48.68,137.0,220.68
621,298782,11.0,135.56,10.0,172.32,69.0,176.66
622,299133,0.0,0.0,1.0,11.99,5.0,10.28
623,258864,4.0,32.05,8.0,77.89,33.0,53.16
624,271153,6.0,60.76,23.0,275.85,129.0,265.32
625,254770,10.0,80.13,3.0,29.21,45.0,72.49
626,242483,2.0,16.03,4.0,38.95,5.0,8.05
627,293001,78.0,625.02,25.0,243.41,180.0,289.94
628,287545,9.0,35.32,3.0,14.53,33.0,25.57
629,275258,11.0,88.14,11.0,107.1,97.0,156.25
630,258875,0.0,0.0,1.0,9.74,3.0,4.83
631,271164,6.0,60.76,27.0,323.82,79.0,162.48
632,256138,5.0,40.07,0.0,0.0,19.0,30.6
633,277984,0.0,0.0,2.0,23.99,22.0,45.25
634,299147,NA,NA,NA,NA,NA,NA
635,287556,1.0,8.01,12.0,116.84,27.0,43.49
636,273206,8.0,64.1,0.0,0.0,75.0,120.81
637,258886,NA,NA,NA,NA,NA,NA
638,271175,3.0,36.97,4.0,68.93,12.0,30.72
639,254792,11.0,88.14,12.0,116.84,80.0,128.86
640,242506,12.0,96.16,7.0,68.16,37.0,59.6
641,299134,0.0,0.0,3.0,35.98,35.0,71.98
642,287567,2.0,20.25,7.0,83.95,63.0,129.57
643,279376,67.0,330.0,27.0,154.71,127.0,117.3
644,242517,17.0,136.22,0.0,0.0,41.0,66.04
645,299151,16.0,197.17,4.0,68.93,79.0,202.27
646,271197,4.0,40.51,1.0,11.99,10.0,20.57
647,292315,NA,NA,NA,NA,NA,NA
648,258911,22.0,176.29,7.0,68.16,52.0,83.76
649,242528,19.0,152.25,0.0,0.0,6.0,9.66
650,299437,NA,NA,NA,NA,NA,NA
651,292372,2.0,20.25,3.0,35.98,20.0,41.13
652,289451,10.0,80.13,9.0,87.63,72.0,115.98
653,279401,22.0,108.36,33.0,189.09,76.0,70.19
654,242541,32.0,256.42,19.0,184.99,208.0,335.04
655,246761,2.0,16.03,5.0,48.68,80.0,128.86
656,254837,7.0,56.09,15.0,146.05,62.0,99.87
657,242552,NA,NA,NA,NA,NA,NA
658,234986,1.0,8.01,0.0,0.0,15.0,24.16
659,283518,12.0,121.52,17.0,203.89,211.0,433.97
660,247957,12.0,59.1,8.0,45.84,78.0,72.04
661,258944,1.0,8.01,0.0,0.0,23.0,37.05
662,271233,7.0,86.26,0.0,0.0,32.0,81.93
663,242563,45.0,360.59,43.0,418.67,246.0,396.25
664,230276,24.0,192.31,20.0,194.73,19.0,30.6
665,299158,NA,NA,NA,NA,NA,NA
666,299176,0.0,0.0,0.0,0.0,1.0,2.06
667,299136,23.0,273.68,9.0,168.65,110.0,329.87
668,271244,0.0,0.0,0.0,0.0,11.0,28.16
669,242574,4.0,32.05,8.0,77.89,29.0,46.71
670,205714,43.0,211.79,53.0,303.7,185.0,170.87
671,271255,3.0,36.97,7.0,120.62,45.0,115.22
672,299294,21.0,212.65,4.0,47.97,48.0,98.72
673,249327,35.0,280.46,3.0,29.21,81.0,130.47
674,299273,24.0,243.03,2.0,23.99,55.0,113.12
675,299162,0.0,0.0,0.0,0.0,18.0,28.99
676,279365,19.0,152.25,12.0,116.84,72.0,115.98
677,279456,3.0,36.97,9.0,155.08,78.0,199.71
678,271266,6.0,60.76,2.0,23.99,24.0,49.36
679,267078,2.0,16.03,0.0,0.0,4.0,6.44
680,296433,5.0,40.07,6.0,58.42,105.0,169.13
681,299164,27.0,273.41,7.0,83.95,37.0,76.1
682,279467,7.0,70.88,0.0,0.0,52.0,106.95
683,258988,9.0,72.12,10.0,97.37,33.0,53.16
684,271277,1.0,12.32,0.0,0.0,24.0,61.45
685,293136,NA,NA,NA,NA,NA,NA
686,262301,7.0,56.09,6.0,58.42,68.0,109.53
687,283575,20.0,202.53,5.0,59.97,95.0,195.39
688,271288,5.0,24.63,2.0,11.46,45.0,41.56
689,299247,4.0,47.6,5.0,93.69,28.0,83.97
690,299167,19.0,192.4,0.0,0.0,36.0,74.04
691,295873,0.0,0.0,0.0,0.0,5.0,8.05
692,283586,7.0,86.26,1.0,17.23,20.0,51.21
693,279491,24.0,295.76,0.0,0.0,44.0,112.65
694,295155,7.0,56.09,4.0,38.95,16.0,25.77
695,299169,18.0,182.27,0.0,0.0,37.0,76.1
696,295884,12.0,96.16,10.0,97.37,83.0,133.7
697,290273,12.0,96.16,0.0,0.0,42.0,67.65
698,299172,NA,NA,NA,NA,NA,NA
699,275418,36.0,288.47,20.0,194.73,127.0,204.57
700,267227,0.0,0.0,0.0,0.0,6.0,9.66
701,291403,3.0,30.38,3.0,35.98,26.0,53.47
702,242654,24.0,243.03,23.0,275.85,194.0,399.0
703,287716,NA,NA,NA,NA,NA,NA
704,279525,0.0,0.0,0.0,0.0,2.0,5.12
705,242665,21.0,168.27,23.0,223.94,80.0,128.86
706,209898,17.0,136.22,10.0,97.37,56.0,90.2
707,299175,2.0,20.25,0.0,0.0,4.0,8.23
708,295920,NA,NA,NA,NA,NA,NA
709,297128,NA,NA,NA,NA,NA,NA
710,242676,26.0,208.34,36.0,350.52,187.0,301.22
711,299177,NA,NA,NA,NA,NA,NA
712,209912,0.0,0.0,2.0,23.99,8.0,16.45
713,293034,0.0,0.0,3.0,35.98,1.0,2.06
714,246783,73.0,359.55,69.0,395.38,422.0,389.76
715,279558,0.0,0.0,0.0,0.0,27.0,69.13
716,271368,10.0,80.13,21.0,204.47,81.0,130.47
717,242698,12.0,96.16,17.0,165.52,103.0,165.91
718,242701,2.0,20.25,0.0,0.0,34.0,69.93
719,299181,0.0,0.0,0.0,0.0,4.0,8.23
720,266543,37.0,296.48,27.0,262.89,21.0,33.83
721,283666,1.0,8.01,0.0,0.0,6.0,9.66
722,299277,0.0,0.0,3.0,35.98,2.0,4.11
723,286894,44.0,542.22,19.0,327.4,168.0,430.14
724,246806,0.0,0.0,16.0,155.78,25.0,40.27
725,250903,4.0,32.05,15.0,146.05,42.0,67.65
726,205851,6.0,48.08,5.0,48.68,76.0,122.42
727,288036,NA,NA,NA,NA,NA,NA
728,279582,6.0,73.94,4.0,68.93,41.0,104.97
729,250914,7.0,56.09,16.0,155.78,28.0,45.1
730,234532,NA,NA,NA,NA,NA,NA
731,205862,NA,NA,NA,NA,NA,NA
732,299185,0.0,0.0,2.0,23.99,2.0,4.11
733,294540,31.0,313.92,16.0,191.9,278.0,571.77
734,275497,13.0,104.17,1.0,9.74,69.0,111.14
735,283690,8.0,81.01,4.0,47.97,10.0,20.57
736,250925,10.0,49.25,8.0,45.84,108.0,99.75
737,255022,NA,NA,NA,NA,NA,NA
738,234543,0.0,0.0,1.0,9.74,25.0,40.27
739,288264,7.0,70.88,10.0,119.93,58.0,119.29
740,287795,3.0,35.7,8.0,149.91,6.0,17.99
741,299414,1.0,10.13,3.0,35.98,1.0,2.06
742,283702,14.0,141.77,59.0,707.61,187.0,384.6
743,299188,21.0,212.65,4.0,47.97,20.0,41.13
744,289291,35.0,280.46,85.0,827.61,394.0,634.65
745,209980,14.0,112.18,4.0,38.95,49.0,78.93
746,295997,0.0,0.0,9.0,87.63,28.0,45.1
747,299142,NA,NA,NA,NA,NA,NA
748,287807,5.0,59.5,0.0,0.0,7.0,20.99
749,291904,11.0,88.14,13.0,126.58,23.0,37.05
750,271200,NA,NA,NA,NA,NA,NA
751,299193,3.0,30.38,2.0,23.99,21.0,43.19
752,250947,50.0,400.65,89.0,866.55,665.0,1071.17
753,259140,6.0,48.08,3.0,29.21,57.0,91.81
754,218183,20.0,160.26,20.0,194.73,73.0,117.59
755,299191,0.0,0.0,0.0,0.0,3.0,6.17
756,283724,13.0,131.64,3.0,35.98,33.0,67.87
757,275533,24.0,192.31,17.0,165.52,62.0,99.87
758,250958,6.0,48.08,0.0,0.0,0.0,0.0
759,239117,5.0,24.63,2.0,11.46,93.0,85.9
760,238672,59.0,290.59,66.0,378.19,525.0,484.89
761,299084,2.0,23.8,0.0,0.0,4.0,12.0
762,206284,2.0,16.03,6.0,58.42,36.0,57.99
763,283735,2.0,20.25,6.0,71.96,35.0,71.98
764,234587,0.0,0.0,0.0,0.0,6.0,9.66
765,291937,5.0,50.63,3.0,35.98,20.0,41.13
766,283746,2.0,20.25,3.0,35.98,11.0,22.62
767,279651,56.0,219.77,15.0,72.65,236.0,182.84
768,234598,1.0,8.01,3.0,29.21,39.0,62.82
769,275566,22.0,176.29,25.0,243.41,98.0,157.86
770,299197,NA,NA,NA,NA,NA,NA
771,234612,1.0,8.01,2.0,19.47,10.0,16.11
772,266430,0.0,0.0,0.0,0.0,6.0,9.66
773,210038,21.0,168.27,21.0,204.47,137.0,220.68
774,276503,6.0,48.08,8.0,77.89,79.0,127.25
775,291961,4.0,49.29,5.0,86.16,14.0,35.84
776,299144,3.0,30.38,0.0,0.0,6.0,12.34
777,299199,2.0,20.25,7.0,83.95,7.0,14.4
778,296023,2.0,20.25,1.0,11.99,7.0,14.4
779,230527,0.0,0.0,2.0,19.47,0.0,0.0
780,222336,54.0,432.7,7.0,68.16,105.0,169.13
781,287875,0.0,0.0,4.0,74.95,46.0,137.95
782,275588,2.0,16.03,4.0,38.95,17.0,27.38
783,267397,7.0,56.09,2.0,19.47,14.0,22.55
784,255113,4.0,32.05,10.0,97.37,20.0,32.22
785,234634,12.0,96.16,9.0,87.63,42.0,67.65
786,201868,24.0,192.31,19.0,184.99,153.0,246.45
787,299202,6.0,60.76,0.0,0.0,7.0,14.4
788,293741,4.0,49.29,5.0,86.16,25.0,64.01
789,239128,2.0,20.25,16.0,191.9,29.0,59.64
790,275602,11.0,111.39,36.0,431.77,66.0,135.74
791,255124,3.0,24.04,4.0,38.95,56.0,90.2
792,281454,0.0,0.0,0.0,0.0,1.0,1.61
793,243225,5.0,50.63,0.0,0.0,41.0,84.33
794,299145,19.0,226.09,14.0,262.34,76.0,227.91
795,248687,25.0,123.13,50.0,286.51,122.0,112.68
796,299205,0.0,0.0,3.0,51.69,4.0,10.24
797,234656,13.0,64.03,0.0,0.0,37.0,34.17
798,269851,0.0,0.0,2.0,19.47,6.0,9.66
799,283815,78.0,625.02,21.0,204.47,189.0,304.44
800,255146,0.0,0.0,68.0,662.09,69.0,111.14
801,234667,NA,NA,NA,NA,NA,NA
802,289462,0.0,0.0,1.0,9.74,6.0,9.66
803,201904,0.0,0.0,0.0,0.0,3.0,4.83
804,299208,NA,NA,NA,NA,NA,NA
805,292018,0.0,0.0,0.0,0.0,21.0,53.77
806,279731,21.0,168.27,8.0,77.89,53.0,85.37
807,292020,4.0,49.29,4.0,68.93,37.0,94.73
808,255157,1.0,8.01,2.0,19.47,13.0,20.94
809,234678,6.0,48.08,9.0,87.63,59.0,95.04
810,299412,2.0,24.65,2.0,34.46,23.0,58.89
811,234680,NA,NA,NA,NA,NA,NA
812,283837,NA,NA,NA,NA,NA,NA
813,279742,11.0,88.14,3.0,29.21,76.0,122.42
814,292031,NA,NA,NA,NA,NA,NA
815,255170,4.0,32.05,1.0,9.74,51.0,82.15
816,234691,10.0,80.13,16.0,155.78,120.0,193.29
817,222405,31.0,248.4,12.0,116.84,115.0,185.24
818,283848,1.0,8.01,4.0,38.95,31.0,49.93
819,279753,5.0,50.63,2.0,23.99,4.0,8.23
820,292042,0.0,0.0,1.0,17.23,4.0,10.24
821,271563,24.0,192.31,48.0,467.35,31.0,49.93
822,299213,NA,NA,NA,NA,NA,NA
823,222416,3.0,14.78,19.0,108.87,94.0,86.82
824,210131,1.0,8.01,0.0,0.0,9.0,14.5
825,275668,0.0,0.0,3.0,35.98,20.0,41.13
826,283861,26.0,208.34,8.0,77.89,72.0,115.98
827,246998,3.0,24.04,6.0,58.42,5.0,8.05
828,294584,0.0,0.0,8.0,77.89,8.0,12.89
829,255192,4.0,32.05,8.0,77.89,29.0,46.71
830,247002,6.0,48.08,6.0,58.42,52.0,83.76
831,222427,0.0,0.0,3.0,29.21,22.0,35.44
832,248698,18.0,144.23,24.0,233.68,105.0,169.13
833,289600,0.0,0.0,0.0,0.0,23.0,47.3
834,247013,3.0,24.04,6.0,58.42,38.0,61.21
835,299284,24.0,243.03,9.0,107.94,37.0,76.1
836,222440,28.0,224.37,33.0,321.31,183.0,294.77
837,279786,1.0,12.32,0.0,0.0,20.0,51.21
838,292075,15.0,184.85,33.0,568.64,129.0,330.28
839,295122,0.0,0.0,2.0,19.47,12.0,19.33
840,267502,24.0,192.31,9.0,87.63,103.0,165.91
841,234736,12.0,96.16,12.0,116.84,93.0,149.8
842,206067,NA,NA,NA,NA,NA,NA
843,279797,8.0,64.1,2.0,19.47,19.0,30.6
844,292086,5.0,61.62,1.0,17.23,36.0,92.17
845,288297,3.0,24.04,0.0,0.0,1.0,1.61
846,299454,NA,NA,NA,NA,NA,NA
847,263417,0.0,0.0,0.0,0.0,5.0,8.05
848,271610,18.0,144.23,5.0,48.68,16.0,25.77
849,234747,0.0,0.0,2.0,11.46,2.0,1.85
850,299012,22.0,222.78,7.0,83.95,45.0,92.55
851,290513,4.0,49.29,3.0,51.69,9.0,23.04
852,292097,NA,NA,NA,NA,NA,NA
853,279811,5.0,50.63,1.0,11.99,34.0,69.93
854,292100,0.0,0.0,0.0,0.0,13.0,33.28
855,288982,1.0,8.01,18.0,175.26,26.0,41.88
856,234758,2.0,7.85,13.0,62.96,25.0,19.37
857,234760,22.0,176.29,23.0,223.94,179.0,288.33
858,284204,3.0,24.04,8.0,77.89,20.0,32.22
859,210186,4.0,32.05,8.0,77.89,66.0,106.31
860,290147,4.0,40.51,19.0,227.88,77.0,158.37
861,279822,13.0,131.64,4.0,47.97,8.0,16.45
862,292111,0.0,0.0,0.0,0.0,7.0,17.92
863,259344,2.0,16.03,4.0,38.95,34.0,54.77
864,247057,31.0,248.4,34.0,331.04,206.0,331.82
865,218387,2.0,16.03,1.0,9.74,30.0,48.32
866,251438,6.0,48.08,2.0,19.47,18.0,28.99
867,278145,0.0,0.0,3.0,29.21,7.0,11.28
868,279833,2.0,16.03,1.0,9.74,31.0,49.93
869,267546,8.0,64.1,1.0,9.74,33.0,53.16
870,247068,0.0,0.0,5.0,48.68,0.0,0.0
871,255261,22.0,86.34,19.0,92.02,120.0,92.97
872,234782,1.0,8.01,0.0,0.0,5.0,8.05
873,218401,65.0,520.85,9.0,87.63,161.0,259.34
874,299286,27.0,273.41,2.0,23.99,61.0,125.46
875,210211,41.0,328.53,15.0,146.05,109.0,175.58
876,275748,NA,NA,NA,NA,NA,NA
877,292133,3.0,36.97,3.0,51.69,18.0,46.09
878,269873,73.0,739.22,17.0,203.89,249.0,512.12
879,247081,22.0,176.29,20.0,194.73,146.0,235.18
880,282162,0.0,0.0,1.0,11.99,4.0,8.23
881,210222,20.0,160.26,6.0,58.42,50.0,80.54
882,286941,0.0,0.0,0.0,0.0,1.0,2.56
883,267568,0.0,0.0,1.0,9.74,9.0,14.5
884,271665,1.0,10.13,3.0,35.98,47.0,96.67
885,267570,NA,NA,NA,NA,NA,NA
886,247092,NA,NA,NA,NA,NA,NA
887,234805,17.0,83.73,9.0,51.57,111.0,102.52
888,299331,5.0,59.5,3.0,56.22,13.0,38.99
889,206136,2.0,16.03,2.0,19.47,23.0,37.05
890,210233,4.0,15.7,4.0,19.37,42.0,32.54
891,292155,6.0,73.94,11.0,189.55,47.0,120.34
892,288060,36.0,288.47,25.0,243.41,128.0,206.18
893,263485,0.0,0.0,3.0,29.21,21.0,33.83
894,247104,9.0,72.12,5.0,48.68,36.0,57.99
895,296056,27.0,273.41,5.0,59.97,66.0,135.74
896,292166,5.0,61.62,8.0,137.85,35.0,89.61
897,275783,0.0,0.0,0.0,0.0,7.0,11.28
898,271927,1.0,8.01,20.0,194.73,53.0,85.37
899,206158,0.0,0.0,0.0,0.0,18.0,28.99
900,292177,0.0,0.0,0.0,0.0,6.0,15.36
901,288082,0.0,0.0,0.0,0.0,3.0,4.83
902,267604,6.0,48.08,29.0,282.36,121.0,194.91
903,247126,0.0,0.0,0.0,0.0,4.0,6.44
904,234840,3.0,24.04,0.0,0.0,9.0,14.5
905,284900,43.0,344.56,20.0,194.73,103.0,165.91
906,292188,4.0,40.51,3.0,35.98,15.0,30.85
907,288093,23.0,184.3,41.0,399.2,55.0,88.59
908,275806,58.0,285.67,87.0,498.52,511.0,471.96
909,267615,9.0,91.14,5.0,59.97,77.0,158.37
910,247137,19.0,152.25,18.0,175.26,123.0,198.13
911,299269,22.0,271.11,14.0,241.24,51.0,130.58
912,248038,3.0,24.04,3.0,29.21,33.0,53.16
913,206182,8.0,64.1,4.0,38.95,70.0,112.76
914,279913,4.0,32.05,7.0,68.16,42.0,67.65
915,267626,18.0,182.27,20.0,239.87,54.0,111.06
916,259435,52.0,204.07,71.0,343.86,358.0,277.36
917,247148,0.0,0.0,2.0,19.47,0.0,0.0
918,247150,0.0,0.0,0.0,0.0,7.0,14.4
919,257597,7.0,56.09,5.0,48.68,15.0,24.16
920,206193,9.0,72.12,12.0,116.84,13.0,20.94
921,219734,NA,NA,NA,NA,NA,NA
922,275828,3.0,24.04,9.0,87.63,13.0,20.94
923,267637,38.0,468.28,15.0,258.47,250.0,640.08
924,271734,4.0,49.29,0.0,0.0,18.0,46.09
925,285377,2.0,20.25,4.0,47.97,10.0,20.57
926,299289,NA,NA,NA,NA,NA,NA
927,206205,9.0,72.12,6.0,58.42,57.0,91.81
928,279935,11.0,88.14,4.0,38.95,16.0,25.77
929,292224,2.0,24.65,1.0,17.23,20.0,51.21
930,284033,24.0,192.31,19.0,184.99,102.0,164.3
931,267650,3.0,24.04,7.0,68.16,19.0,30.6
932,234884,0.0,0.0,0.0,0.0,5.0,8.05
933,242687,58.0,464.76,9.0,87.63,154.0,248.06
934,206216,17.0,83.73,28.0,160.44,139.0,128.38
935,299244,NA,NA,NA,NA,NA,NA
936,288138,0.0,0.0,0.0,0.0,24.0,38.66
937,291106,NA,NA,NA,NA,NA,NA
938,259468,9.0,72.12,5.0,48.68,56.0,90.2
939,243087,5.0,40.07,2.0,19.47,61.0,98.26
940,267843,2.0,20.25,8.0,95.95,35.0,71.98
941,289006,7.0,56.09,2.0,19.47,28.0,45.1
942,292246,4.0,49.29,1.0,17.23,23.0,58.89
943,275863,2.0,16.03,4.0,38.95,22.0,35.44
944,267672,11.0,88.14,17.0,165.52,122.0,196.52
945,255556,0.0,0.0,3.0,29.21,3.0,4.83
946,243098,6.0,48.08,9.0,87.63,46.0,74.1
947,234907,4.0,32.05,2.0,19.47,78.0,125.64
948,299168,NA,NA,NA,NA,NA,NA
949,299359,0.0,0.0,0.0,0.0,2.0,6.0
950,296353,8.0,31.4,8.0,38.74,69.0,53.46
951,288162,1.0,8.01,2.0,19.47,14.0,22.55
952,271780,5.0,40.07,8.0,77.89,38.0,61.21
953,234918,1.0,8.01,1.0,9.74,28.0,45.1
954,299249,0.0,0.0,0.0,0.0,4.0,12.0
955,292268,3.0,36.97,0.0,0.0,15.0,38.41
956,252146,2.0,16.03,4.0,38.95,16.0,25.77
957,292270,1.0,12.32,2.0,34.46,135.0,345.65
958,292144,0.0,0.0,8.0,137.85,5.0,12.8
959,279514,17.0,209.49,11.0,189.55,18.0,46.09
960,247217,16.0,162.02,0.0,0.0,20.0,41.13
961,251314,18.0,144.23,35.0,340.78,259.0,417.19
962,234931,5.0,40.07,14.0,136.31,43.0,69.26
963,279992,17.0,136.22,4.0,38.95,46.0,74.1
964,278772,NA,NA,NA,NA,NA,NA
965,247228,34.0,272.44,32.0,311.57,122.0,196.52
966,255421,1.0,8.01,1.0,9.74,8.0,12.89
967,234942,0.0,0.0,0.0,0.0,1.0,1.61
968,292290,4.0,49.29,0.0,0.0,23.0,58.89
969,288195,NA,NA,NA,NA,NA,NA
970,292292,13.0,131.64,8.0,95.95,87.0,178.93
971,280006,0.0,0.0,0.0,0.0,5.0,8.05
972,247241,2.0,16.03,4.0,38.95,16.0,25.77
973,202188,20.0,160.26,15.0,146.05,35.0,56.38
974,273241,NA,NA,NA,NA,NA,NA
975,288207,1.0,10.13,2.0,23.99,28.0,57.59
976,292304,4.0,49.29,12.0,206.78,58.0,148.5
977,292430,4.0,40.51,6.0,71.96,30.0,61.7
978,230870,2.0,16.03,0.0,0.0,19.0,30.6
979,288218,2.0,24.65,0.0,0.0,11.0,28.16
980,208463,15.0,120.2,1.0,9.74,101.0,162.69
981,275932,NA,NA,NA,NA,NA,NA
982,293114,NA,NA,NA,NA,NA,NA
983,251358,NA,NA,NA,NA,NA,NA
984,243167,6.0,48.08,14.0,136.31,62.0,99.87
985,226784,158.0,620.06,94.0,455.25,538.0,416.81
986,230881,11.0,88.14,4.0,38.95,70.0,112.76
987,299259,8.0,81.01,6.0,71.96,21.0,43.19
988,292326,12.0,121.52,10.0,119.93,63.0,129.57
989,299155,36.0,288.47,30.0,292.1,89.0,143.36
990,280041,9.0,72.12,5.0,48.68,126.0,202.96
991,243178,3.0,24.04,0.0,0.0,3.0,4.83
992,298623,3.0,30.38,0.0,0.0,12.0,24.68
993,230892,4.0,32.05,7.0,68.16,22.0,35.44
994,290386,1.0,8.01,0.0,0.0,4.0,6.44
995,206318,0.0,0.0,4.0,38.95,14.0,22.55
996,210415,28.0,224.37,11.0,107.1,88.0,141.75
997,292337,2.0,24.65,2.0,34.46,28.0,71.69
998,284146,10.0,80.13,3.0,29.21,40.0,64.43
999,271860,13.0,104.17,10.0,97.37,90.0,144.97
1000,295166,19.0,152.25,37.0,360.25,71.0,114.37
1001,251382,2.0,16.03,7.0,68.16,10.0,16.11
1002,243191,7.0,27.47,2.0,9.69,87.0,67.4
1003,289473,2.0,16.03,3.0,29.21,19.0,30.6
1004,206331,2.0,16.03,12.0,116.84,10.0,16.11
1005,292348,NA,NA,NA,NA,NA,NA
1006,292350,0.0,0.0,2.0,34.46,5.0,12.8
1007,263680,33.0,264.43,35.0,340.78,136.0,219.07
1008,251393,0.0,0.0,0.0,0.0,14.0,22.55
1009,226818,31.0,248.4,15.0,146.05,115.0,185.24
1010,283063,3.0,30.38,5.0,59.97,29.0,59.64
1011,206342,15.0,120.2,6.0,58.42,145.0,233.56
1012,296455,9.0,44.33,2.0,11.46,56.0,51.72
1013,284168,1.0,8.01,5.0,48.68,0.0,0.0
1014,251405,8.0,64.1,7.0,68.16,90.0,144.97
1015,206353,15.0,120.2,9.0,87.63,31.0,49.93
1016,296466,6.0,48.08,8.0,77.89,74.0,119.2
1017,288275,8.0,81.01,0.0,0.0,15.0,30.85
1018,267796,33.0,334.17,5.0,59.97,104.0,213.9
1019,251416,5.0,24.63,1.0,5.73,73.0,67.42
1020,241924,2.0,9.85,14.0,80.22,67.0,61.88
1021,206364,0.0,0.0,0.0,0.0,25.0,40.27
1022,210461,2.0,16.03,0.0,0.0,4.0,6.44
1023,275998,4.0,32.05,5.0,48.68,106.0,170.74
1024,292383,0.0,0.0,0.0,0.0,5.0,10.28
1025,267808,1.0,10.13,1.0,11.99,19.0,39.08
1026,267810,9.0,72.12,3.0,29.21,14.0,22.55
1027,251427,NA,NA,NA,NA,NA,NA
1028,243236,1.0,8.01,0.0,0.0,9.0,14.5
1029,289030,3.0,36.97,15.0,258.47,36.0,92.17
1030,296488,1.0,12.32,0.0,0.0,12.0,30.72
1031,202281,10.0,49.25,4.0,22.92,41.0,37.87
1032,296490,3.0,36.59,4.0,74.07,5.0,21.93
1033,299271,30.0,240.39,12.0,116.84,88.0,141.75
1034,280108,20.0,246.46,26.0,448.02,149.0,381.49
1035,276013,8.0,64.1,4.0,38.95,25.0,40.27
1036,280110,NA,NA,NA,NA,NA,NA
1037,294493,4.0,32.05,22.0,214.2,68.0,109.53
1038,299295,7.0,70.88,5.0,59.97,26.0,53.47
1039,252168,36.0,288.47,4.0,38.95,85.0,136.92
1040,206386,4.0,32.05,15.0,146.05,18.0,28.99
1041,210483,2.0,16.03,2.0,19.47,47.0,75.71
1042,202292,34.0,167.46,26.0,148.98,285.0,263.23
1043,296502,1.0,12.2,8.0,148.15,16.0,70.18
1044,260361,10.0,80.13,10.0,97.37,105.0,169.13
1045,280121,NA,NA,NA,NA,NA,NA
1046,243258,18.0,144.23,2.0,19.47,66.0,106.31
1047,243260,4.0,32.05,2.0,19.47,28.0,45.1
1048,206397,17.0,136.22,11.0,107.1,64.0,103.09
1049,210528,NA,NA,NA,NA,NA,NA
1050,271938,15.0,120.2,25.0,243.41,31.0,49.93
1051,276035,14.0,112.18,27.0,262.89,178.0,286.72
1052,271940,13.0,131.64,9.0,107.94,94.0,193.33
1053,228278,8.0,39.4,11.0,63.03,6.0,5.54
1054,210506,4.0,32.05,0.0,0.0,13.0,20.94
1055,206411,27.0,216.35,9.0,87.63,78.0,125.64
1056,288333,33.0,406.67,24.0,413.56,311.0,796.26
1057,276046,22.0,176.29,9.0,87.63,45.0,72.49
1058,271951,12.0,96.16,13.0,126.58,136.0,219.07
1059,279480,13.0,160.2,2.0,34.46,52.0,133.14
1060,243282,26.0,208.34,15.0,146.05,54.0,86.98
1061,210517,0.0,0.0,17.0,165.52,86.0,138.53
1062,288344,17.0,209.49,9.0,155.08,57.0,145.94
1063,292441,90.0,911.37,7.0,83.95,186.0,382.55
1064,284250,2.0,24.65,0.0,0.0,4.0,10.24
1065,299279,43.0,435.43,0.0,0.0,52.0,106.95
1066,222815,21.0,168.27,15.0,146.05,102.0,164.3
1067,218720,15.0,120.2,0.0,0.0,33.0,53.16
1068,284944,6.0,60.76,9.0,107.94,87.0,178.93
1069,210530,17.0,136.22,9.0,87.63,46.0,74.1
1070,276068,1.0,8.01,0.0,0.0,15.0,24.16
1071,259685,7.0,34.48,17.0,97.41,29.0,26.78
1072,276070,6.0,48.08,31.0,301.83,38.0,61.21
1073,299281,NA,NA,NA,NA,NA,NA
1074,243305,26.0,128.06,11.0,63.03,26.0,24.01
1075,222826,0.0,0.0,2.0,19.47,6.0,9.66
1076,218731,1.0,8.01,0.0,0.0,16.0,25.77
1077,299343,NA,NA,NA,NA,NA,NA
1078,280850,5.0,50.63,0.0,0.0,29.0,59.64
1079,280176,5.0,40.07,0.0,0.0,63.0,101.48
1080,264763,1.0,8.01,2.0,19.47,5.0,8.05
1081,255603,3.0,14.78,3.0,17.19,24.0,22.17
1082,243316,31.0,248.4,15.0,146.05,149.0,240.01
1083,281534,3.0,30.38,0.0,0.0,4.0,8.23
1084,218742,2.0,16.03,0.0,0.0,4.0,6.44
1085,284603,0.0,0.0,0.0,0.0,23.0,37.05
1086,210552,23.0,184.3,12.0,116.84,80.0,128.86
1087,248084,1.0,8.01,0.0,0.0,3.0,4.83
1088,292474,4.0,40.51,4.0,47.97,35.0,71.98
1089,276092,53.0,536.69,12.0,143.92,71.0,146.03
1090,255614,4.0,32.05,11.0,107.1,17.0,27.38
1091,243327,96.0,769.25,39.0,379.73,409.0,658.81
1092,256960,NA,NA,NA,NA,NA,NA
1093,274027,2.0,16.03,0.0,0.0,32.0,51.55
1094,292485,9.0,110.91,3.0,51.69,20.0,51.21
1095,288390,1.0,11.9,0.0,0.0,15.0,44.98
1096,276104,1.0,8.01,0.0,0.0,7.0,11.28
1097,255625,0.0,0.0,1.0,9.74,23.0,37.05
1098,272010,11.0,111.39,36.0,431.77,202.0,415.46
1099,251531,0.0,0.0,1.0,9.74,3.0,4.83
1100,218764,50.0,400.65,15.0,146.05,256.0,412.36
1101,210541,24.0,192.31,14.0,136.31,24.0,38.66
1102,292496,21.0,258.79,9.0,155.08,98.0,250.91
1103,275395,17.0,136.22,0.0,0.0,9.0,14.5
1104,272021,4.0,40.51,9.0,107.94,46.0,94.61
1105,251542,0.0,0.0,2.0,19.47,21.0,33.83
1106,218775,0.0,0.0,11.0,107.1,19.0,30.6
1107,290433,NA,NA,NA,NA,NA,NA
1108,295452,13.0,104.17,6.0,58.42,102.0,164.3
1109,292508,8.0,64.1,42.0,408.94,124.0,199.74
1110,203034,12.0,96.16,2.0,19.47,50.0,80.54
1111,255647,8.0,64.1,3.0,29.21,61.0,98.26
1112,259696,NA,NA,NA,NA,NA,NA
1113,218786,11.0,43.17,11.0,53.27,56.0,43.39
1114,202406,37.0,296.48,27.0,262.89,218.0,351.15
1115,276081,1.0,10.13,0.0,0.0,17.0,34.96
1116,284328,18.0,182.27,3.0,35.98,95.0,195.39
1117,267945,216.0,1063.87,127.0,727.73,527.0,486.74
1118,290570,NA,NA,NA,NA,NA,NA
1119,243373,7.0,56.09,35.0,340.78,93.0,149.8
1120,290843,0.0,0.0,0.0,0.0,13.0,20.94
1121,292532,3.0,30.38,0.0,0.0,4.0,8.23
1122,284341,62.0,496.81,7.0,68.16,154.0,248.06
1123,272054,NA,NA,NA,NA,NA,NA
1124,281545,22.0,176.29,5.0,48.68,66.0,106.31
1125,243384,28.0,224.37,4.0,38.95,90.0,144.97
1126,218811,9.0,72.12,7.0,68.16,67.0,107.92
1127,267967,3.0,24.04,22.0,214.2,80.0,128.86
1128,284352,35.0,354.42,10.0,119.93,107.0,220.07
1129,272065,41.0,415.18,4.0,47.97,65.0,133.69
1130,299297,29.0,293.66,0.0,0.0,54.0,111.06
1131,267978,0.0,0.0,2.0,23.99,8.0,16.45
1132,284363,NA,NA,NA,NA,NA,NA
1133,272076,NA,NA,NA,NA,NA,NA
1134,255693,NA,NA,NA,NA,NA,NA
1135,251600,NA,NA,NA,NA,NA,NA
1136,299299,25.0,253.16,7.0,83.95,63.0,129.57
1137,292565,17.0,172.15,26.0,311.83,116.0,238.58
1138,263895,6.0,48.08,5.0,48.68,36.0,57.99
1139,299300,12.0,121.52,3.0,35.98,33.0,67.87
1140,251611,NA,NA,NA,NA,NA,NA
1141,218844,19.0,152.25,19.0,184.99,101.0,162.69
1142,299252,NA,NA,NA,NA,NA,NA
1143,299301,2.0,20.25,4.0,47.97,25.0,51.42
1144,292576,34.0,272.44,34.0,331.04,127.0,204.57
1145,272098,19.0,192.4,2.0,23.99,37.0,76.1
1146,260975,5.0,19.62,4.0,19.37,112.0,86.77
1147,255716,0.0,0.0,0.0,0.0,1.0,1.61
1148,272101,1.0,10.13,3.0,35.98,6.0,12.34
1149,251622,5.0,40.07,0.0,0.0,9.0,14.5
1150,218855,33.0,264.43,22.0,214.2,138.0,222.29
1151,299303,1.0,10.13,7.0,83.95,13.0,26.74
1152,255727,30.0,240.39,62.0,603.67,39.0,62.82
1153,299165,0.0,0.0,1.0,11.99,0.0,0.0
1154,239345,NA,NA,NA,NA,NA,NA
1155,279252,0.0,0.0,14.0,136.31,0.0,0.0
1156,299305,33.0,334.17,3.0,35.98,60.0,123.4
1157,292760,4.0,40.51,2.0,23.99,17.0,34.96
1158,292601,24.0,243.03,10.0,119.93,59.0,121.35
1159,280314,0.0,0.0,3.0,29.21,17.0,27.38
1160,294527,23.0,283.43,7.0,120.62,76.0,194.59
1161,251644,NA,NA,NA,NA,NA,NA
1162,248107,6.0,48.08,2.0,19.47,20.0,32.22
1163,276228,3.0,36.97,3.0,51.69,15.0,38.41
1164,272134,51.0,628.48,9.0,155.08,92.0,235.55
1165,251655,5.0,40.07,10.0,97.37,30.0,48.32
1166,247560,24.0,192.31,8.0,77.89,77.0,124.03
1167,293125,37.0,374.67,34.0,407.78,95.0,195.39
1168,202508,4.0,32.05,8.0,77.89,45.0,72.49
1169,299309,2.0,24.65,0.0,0.0,18.0,46.09
1170,259856,2.0,9.85,4.0,22.92,28.0,25.86
1171,276241,7.0,56.09,13.0,126.58,35.0,56.38
1172,251666,NA,NA,NA,NA,NA,NA
1173,249475,0.0,0.0,0.0,0.0,1.0,1.61
1174,239380,29.0,232.38,13.0,126.58,167.0,269.0
1175,287022,7.0,86.26,1.0,17.23,11.0,28.16
1176,3716,27.0,75.84,17.0,62.96,82.0,47.56
1177,292634,27.0,216.35,41.0,399.2,170.0,273.83
1178,280347,2.0,16.03,2.0,19.47,10.0,16.11
1179,276252,18.0,144.23,1.0,9.74,58.0,93.43
1180,268061,20.0,160.26,14.0,136.31,71.0,114.37
1181,294802,5.0,40.07,7.0,68.16,11.0,17.72
1182,227105,8.0,64.1,12.0,116.84,56.0,90.2
1183,299307,30.0,369.7,4.0,68.93,64.0,163.86
1184,216027,38.0,149.13,34.0,164.66,165.0,127.83
1185,281088,32.0,256.42,36.0,350.52,266.0,428.47
1186,239403,17.0,172.15,7.0,83.95,59.0,121.35
1187,227116,14.0,112.18,6.0,58.42,82.0,132.08
1188,229682,6.0,29.55,4.0,22.92,48.0,44.33
1189,299198,0.0,0.0,7.0,83.95,3.0,6.17
1190,272008,3.0,30.38,4.0,47.97,81.0,166.59
1191,272178,0.0,0.0,11.0,131.93,48.0,98.72
1192,280883,6.0,60.76,1.0,11.99,19.0,39.08
1193,251702,6.0,48.08,0.0,0.0,18.0,28.99
1194,227127,2.0,20.25,5.0,59.97,16.0,32.91
1195,299316,3.0,36.97,4.0,68.93,12.0,30.72
1196,292667,15.0,184.85,23.0,396.33,111.0,284.2
1197,284476,8.0,64.1,4.0,38.95,78.0,125.64
1198,243338,3.0,24.04,30.0,292.1,101.0,162.69
1199,272191,NA,NA,NA,NA,NA,NA
1200,247616,9.0,72.12,41.0,399.2,142.0,228.73
1201,251713,0.0,0.0,8.0,77.89,4.0,6.44
1202,227138,10.0,39.24,5.0,24.22,48.0,37.19
1203,260406,0.0,0.0,0.0,0.0,6.0,9.66
1204,284487,11.0,88.14,3.0,29.21,40.0,64.43
1205,276296,14.0,112.18,3.0,29.21,15.0,24.16
1206,280393,8.0,64.1,2.0,19.47,54.0,86.98
1207,272203,0.0,0.0,2.0,23.99,6.0,12.34
1208,251724,41.0,328.53,19.0,184.99,110.0,177.19
1209,202576,12.0,59.1,6.0,34.38,34.0,31.4
1210,244024,5.0,40.07,14.0,136.31,35.0,56.38
1211,288594,0.0,0.0,1.0,11.99,8.0,16.45
1212,280405,2.0,20.25,0.0,0.0,15.0,30.85
1213,272214,NA,NA,NA,NA,NA,NA
1214,255831,14.0,68.95,23.0,131.79,53.0,48.95
1215,227162,3.0,24.04,2.0,19.47,49.0,78.93
1216,202587,0.0,0.0,0.0,0.0,15.0,24.16
1217,299322,0.0,0.0,0.0,0.0,5.0,12.8
1218,288606,0.0,0.0,0.0,0.0,2.0,4.11
1219,292703,32.0,256.42,34.0,331.04,36.0,57.99
1220,280416,0.0,0.0,0.0,0.0,6.0,9.66
1221,264034,19.0,152.25,26.0,253.15,84.0,135.31
1222,270651,5.0,40.07,0.0,0.0,9.0,14.5
1223,216038,9.0,35.32,5.0,24.22,14.0,10.85
1224,202598,31.0,248.4,13.0,126.58,63.0,101.48
1225,284988,6.0,48.08,0.0,0.0,34.0,54.77
1226,220135,27.0,105.96,31.0,150.13,85.0,65.85
1227,276332,4.0,32.05,17.0,165.52,26.0,41.88
1228,229693,44.0,216.71,48.0,275.05,200.0,184.72
1229,227184,45.0,360.59,8.0,77.89,136.0,219.07
1230,289768,23.0,184.3,9.0,87.63,153.0,246.45
1231,276115,0.0,0.0,2.0,23.99,6.0,12.34
1232,288628,15.0,120.2,7.0,68.16,55.0,88.59
1233,296821,7.0,86.26,8.0,137.85,35.0,89.61
1234,272247,5.0,50.63,0.0,0.0,23.0,47.3
1235,251768,28.0,224.37,23.0,223.94,185.0,298.0
1236,251770,0.0,0.0,4.0,38.95,50.0,80.54
1237,231292,16.0,78.81,13.0,74.49,136.0,125.61
1238,234793,36.0,177.31,29.0,166.17,137.0,126.53
1239,292736,8.0,98.59,2.0,34.46,51.0,130.58
1240,299328,8.0,95.19,6.0,112.43,13.0,38.99
1241,272258,NA,NA,NA,NA,NA,NA
1242,299236,NA,NA,NA,NA,NA,NA
1243,227207,6.0,48.08,6.0,58.42,59.0,95.04
1244,290455,NA,NA,NA,NA,NA,NA
1245,288652,37.0,455.96,29.0,499.72,185.0,473.66
1246,259982,48.0,384.63,97.0,944.45,354.0,570.22
1247,264080,28.0,283.54,12.0,143.92,182.0,374.32
1248,227218,7.0,56.09,7.0,68.16,10.0,16.11
1249,295235,1.0,12.32,1.0,17.23,24.0,61.45
1250,296854,NA,NA,NA,NA,NA,NA
1251,274073,1.0,10.13,5.0,59.97,3.0,6.17
1252,276376,7.0,70.88,10.0,119.93,36.0,74.04
1253,280473,36.0,288.47,49.0,477.09,356.0,573.44
1254,237931,4.0,32.05,12.0,116.84,14.0,22.55
1255,259481,NA,NA,NA,NA,NA,NA
1256,292771,4.0,32.05,17.0,165.52,103.0,165.91
1257,272293,33.0,334.17,40.0,479.74,70.0,143.97
1258,264103,2.0,20.25,8.0,95.95,9.0,18.51
1259,231337,8.0,64.1,5.0,48.68,26.0,41.88
1260,288685,29.0,232.38,29.0,282.36,182.0,293.16
1261,287933,35.0,416.48,20.0,374.77,140.0,419.84
1262,276401,7.0,70.88,2.0,23.99,20.0,41.13
1263,255922,9.0,72.12,10.0,97.37,36.0,57.99
1264,260020,25.0,200.33,4.0,38.95,58.0,93.43
1265,299337,1.0,11.9,0.0,0.0,23.0,68.97
1266,288696,11.0,111.39,35.0,419.77,107.0,220.07
1267,292793,6.0,60.76,3.0,35.98,43.0,88.44
1268,280507,2.0,16.03,0.0,0.0,3.0,4.83
1269,272316,2.0,24.65,2.0,34.46,37.0,94.73
1270,255933,NA,NA,NA,NA,NA,NA
1271,219073,14.0,112.18,31.0,301.83,66.0,106.31
1272,299339,2.0,23.8,2.0,37.48,8.0,23.99
1273,288708,7.0,86.26,13.0,224.01,57.0,145.94
1274,292805,0.0,0.0,1.0,11.99,12.0,24.68
1275,251553,NA,NA,NA,NA,NA,NA
1276,255944,0.0,0.0,4.0,38.95,12.0,19.33
1277,260428,4.0,40.51,7.0,83.95,26.0,53.47
1278,219084,0.0,0.0,0.0,0.0,7.0,11.28
1279,243362,15.0,120.2,16.0,155.78,129.0,207.79
1280,287170,0.0,0.0,8.0,77.89,45.0,72.49
1281,288721,10.0,123.23,5.0,86.16,45.0,115.22
1282,264147,9.0,110.91,3.0,51.69,11.0,28.16
1283,239950,30.0,303.79,8.0,95.95,101.0,207.73
1284,287443,2.0,16.03,4.0,38.95,46.0,74.1
1285,219095,2.0,16.03,2.0,19.47,29.0,46.71
1286,274084,0.0,0.0,10.0,119.93,29.0,59.64
1287,296923,46.0,368.6,4.0,38.95,110.0,177.19
1288,288732,0.0,0.0,0.0,0.0,2.0,5.12
1289,276445,29.0,293.66,21.0,251.86,101.0,207.73
1290,264160,3.0,24.04,5.0,48.68,28.0,45.1
1291,299344,5.0,59.5,1.0,18.74,12.0,35.99
1292,219107,16.0,128.21,33.0,321.31,92.0,148.19
1293,292838,19.0,234.14,9.0,155.08,74.0,189.46
1294,258385,31.0,152.69,59.0,338.08,274.0,253.07
1295,276456,0.0,0.0,3.0,35.98,20.0,41.13
1296,207868,26.0,208.34,0.0,0.0,74.0,119.2
1297,264171,29.0,232.38,31.0,301.83,193.0,310.88
1298,299346,3.0,35.7,0.0,0.0,18.0,53.98
1299,219118,NA,NA,NA,NA,NA,NA
1300,288754,0.0,0.0,0.0,0.0,7.0,17.92
1301,299310,23.0,283.43,15.0,258.47,99.0,253.47
1302,219131,2.0,16.03,1.0,9.74,51.0,82.15
1303,288765,NA,NA,NA,NA,NA,NA
1304,276478,0.0,0.0,1.0,11.99,0.0,0.0
1305,280575,43.0,435.43,10.0,119.93,119.0,244.75
1306,276480,7.0,70.88,7.0,83.95,41.0,84.33
1307,298667,21.0,212.65,18.0,215.88,82.0,168.65
1308,209238,NA,NA,NA,NA,NA,NA
1309,292873,0.0,0.0,0.0,0.0,5.0,21.93
1310,293171,4.0,49.29,2.0,34.46,15.0,38.41
1311,299311,18.0,221.82,5.0,86.16,44.0,112.65
1312,223250,24.0,192.31,15.0,146.05,181.0,291.55
1313,292884,0.0,0.0,0.0,0.0,14.0,28.79
1314,248153,45.0,176.6,8.0,38.74,227.0,175.87
1315,280600,2.0,20.25,3.0,35.98,5.0,10.28
1316,299354,3.0,9.07,10.0,30.64,33.0,25.12
1317,288798,42.0,425.3,24.0,287.84,214.0,440.14
1318,292895,0.0,0.0,1.0,17.23,20.0,51.21
1319,284705,30.0,240.39,12.0,116.84,192.0,309.27
1320,276514,NA,NA,NA,NA,NA,NA
1321,256036,218.0,1746.84,106.0,1032.07,612.0,985.8
1322,260133,2.0,16.03,0.0,0.0,21.0,33.83
1323,299356,28.0,333.18,12.0,224.86,81.0,242.91
1324,299434,NA,NA,NA,NA,NA,NA
1325,292907,1.0,12.32,4.0,68.93,21.0,53.77
1326,288812,NA,NA,NA,NA,NA,NA
1327,276525,NA,NA,NA,NA,NA,NA
1328,280622,NA,NA,NA,NA,NA,NA
1329,299312,0.0,0.0,2.0,34.46,5.0,12.8
1330,260144,2.0,16.03,0.0,0.0,10.0,16.11
1331,275464,7.0,56.09,1.0,9.74,26.0,41.88
1332,297961,0.0,0.0,0.0,0.0,22.0,65.97
1333,292918,6.0,60.76,5.0,59.97,55.0,113.12
1334,207881,33.0,264.43,29.0,282.36,161.0,259.34
1335,256058,16.0,78.81,6.0,34.38,92.0,84.97
1336,264251,0.0,0.0,3.0,29.21,2.0,3.22
1337,256060,2.0,16.03,1.0,9.74,4.0,6.44
1338,279263,233.0,1147.6,89.0,509.98,987.0,911.6
1339,284738,1.0,8.01,6.0,58.42,36.0,57.99
1340,292931,NA,NA,NA,NA,NA,NA
1341,280644,0.0,0.0,0.0,0.0,11.0,22.62
1342,263862,39.0,394.93,30.0,359.8,169.0,347.58
1343,256071,12.0,96.16,0.0,0.0,57.0,91.81
1344,286952,NA,NA,NA,NA,NA,NA
1345,215115,6.0,48.08,6.0,58.42,99.0,159.47
1346,298703,11.0,135.56,1.0,17.23,31.0,79.37
1347,288845,11.0,54.18,10.0,57.3,62.0,57.26
1348,276558,NA,NA,NA,NA,NA,NA
1349,280655,19.0,192.4,19.0,227.88,78.0,160.42
1350,260177,57.0,280.74,61.0,349.54,347.0,320.49
1351,256082,2.0,16.03,2.0,19.47,22.0,35.44
1352,297048,10.0,80.13,12.0,116.84,47.0,75.71
1353,239972,3.0,24.04,1.0,9.74,18.0,28.99
1354,280666,0.0,0.0,1.0,11.99,10.0,20.57
1355,272475,6.0,48.08,0.0,0.0,22.0,35.44
1356,260190,4.0,32.05,4.0,38.95,39.0,62.82
1357,299450,NA,NA,NA,NA,NA,NA
1358,215137,2.0,20.25,0.0,0.0,9.0,18.51
1359,223330,22.0,86.34,54.0,261.52,83.0,64.3
1360,278203,NA,NA,NA,NA,NA,NA
1361,299391,18.0,214.19,12.0,224.86,44.0,131.95
1362,284773,NA,NA,NA,NA,NA,NA
1363,264295,9.0,72.12,9.0,87.63,84.0,135.31
1364,260202,0.0,0.0,1.0,9.74,0.0,0.0
1365,299314,NA,NA,NA,NA,NA,NA
1366,287762,4.0,49.29,4.0,68.93,45.0,115.22
1367,280688,7.0,70.88,17.0,203.89,70.0,143.97
1368,299368,47.0,559.27,17.0,318.56,105.0,314.88
1369,260213,3.0,24.04,0.0,0.0,29.0,46.71
1370,223352,NA,NA,NA,NA,NA,NA
1371,211065,NA,NA,NA,NA,NA,NA
1372,288891,1.0,8.01,0.0,0.0,51.0,82.15
1373,229738,1.0,8.01,1.0,9.74,30.0,48.32
1374,256127,4.0,32.05,1.0,9.74,24.0,38.66
1375,260224,4.0,32.05,8.0,77.89,35.0,56.38
1376,223363,15.0,73.88,6.0,34.38,87.0,80.35
1377,211076,25.0,200.33,13.0,126.58,84.0,135.31
1378,292997,6.0,48.08,6.0,58.42,29.0,46.71
1379,297094,4.0,47.6,0.0,0.0,16.0,47.98
1380,276616,6.0,60.76,11.0,131.93,87.0,178.93
1381,229740,15.0,120.2,8.0,77.89,47.0,75.71
1382,247946,50.0,246.27,35.0,200.55,155.0,143.16
1383,260235,8.0,64.1,6.0,58.42,92.0,148.19
1384,256140,4.0,32.05,3.0,29.21,17.0,27.38
1385,291950,4.0,49.29,3.0,51.69,39.0,99.85
1386,298873,7.0,86.26,9.0,155.08,39.0,99.85
1387,299364,10.0,80.13,1.0,9.74,17.0,27.38
1388,276627,0.0,0.0,0.0,0.0,4.0,8.23
1389,280724,4.0,40.51,0.0,0.0,12.0,24.68
1390,205166,0.0,0.0,2.0,19.47,6.0,9.66
1391,256151,2.0,16.03,5.0,48.68,14.0,22.55
1392,295279,62.0,496.81,16.0,155.78,150.0,241.62
1393,297117,NA,NA,NA,NA,NA,NA
1394,260257,10.0,80.13,4.0,38.95,118.0,190.07
1395,256162,3.0,24.04,1.0,9.74,18.0,28.99
1396,231587,0.0,0.0,0.0,0.0,12.0,19.33
1397,223396,24.0,118.21,9.0,51.57,81.0,74.81
1398,274118,6.0,60.76,0.0,0.0,1.0,2.06
1399,289223,12.0,96.16,12.0,116.84,73.0,117.59
1400,299377,8.0,95.19,6.0,112.43,23.0,68.97
1401,288936,38.0,304.5,39.0,379.73,97.0,156.25
1402,280746,61.0,617.7,21.0,251.86,179.0,368.15
1403,276651,37.0,374.67,47.0,563.69,174.0,357.87
1404,260268,NA,NA,NA,NA,NA,NA
1405,256173,NA,NA,NA,NA,NA,NA
1406,231598,11.0,88.14,6.0,58.42,35.0,56.38
1407,215217,51.0,408.66,40.0,389.46,214.0,344.71
1408,202931,45.0,360.59,17.0,165.52,65.0,104.7
1409,275486,11.0,88.14,7.0,68.16,20.0,32.22
1410,286223,1.0,12.32,0.0,0.0,69.0,176.66
1411,215228,30.0,240.39,17.0,165.52,234.0,376.92
1412,292554,1.0,10.13,1.0,11.99,8.0,16.45
1413,288958,0.0,0.0,4.0,38.95,20.0,32.22
1414,293056,6.0,60.76,2.0,23.99,98.0,201.56
1415,276673,2.0,20.25,4.0,47.97,22.0,45.25
1416,256195,3.0,24.04,6.0,58.42,7.0,11.28
1417,289906,9.0,91.14,0.0,0.0,2.0,4.11
1418,288971,5.0,40.07,5.0,48.68,7.0,11.28
1419,276684,4.0,40.51,3.0,35.98,22.0,45.25
1420,280781,7.0,70.88,16.0,191.9,33.0,67.87
1421,251597,9.0,72.12,2.0,19.47,27.0,43.49
1422,284886,13.0,104.17,18.0,175.26,48.0,77.32
1423,299385,9.0,107.09,4.0,74.95,23.0,68.97
1424,293080,NA,NA,NA,NA,NA,NA
1425,239835,4.0,19.7,4.0,22.92,34.0,31.4
1426,243932,9.0,72.12,6.0,58.42,43.0,69.26
1427,231645,NA,NA,NA,NA,NA,NA
1428,239312,19.0,152.25,10.0,97.37,72.0,115.98
1429,293091,14.0,112.18,13.0,126.58,76.0,122.42
1430,280804,0.0,0.0,6.0,71.96,0.0,0.0
1431,239846,NA,NA,NA,NA,NA,NA
1432,243943,21.0,103.43,12.0,68.76,109.0,100.67
1433,295292,NA,NA,NA,NA,NA,NA
1434,215274,12.0,96.16,10.0,97.37,97.0,156.25
1435,276718,1.0,10.13,4.0,47.97,16.0,32.91
1436,284911,4.0,40.51,3.0,35.98,55.0,113.12
1437,276720,0.0,0.0,0.0,0.0,8.0,16.45
1438,243954,1.0,8.01,1.0,9.74,4.0,6.44
1439,248051,NA,NA,NA,NA,NA,NA
1440,215285,NA,NA,NA,NA,NA,NA
1441,280826,1.0,10.13,2.0,23.99,8.0,16.45
1442,276731,0.0,0.0,1.0,11.99,0.0,0.0
1443,280906,5.0,50.63,4.0,47.97,17.0,34.96
1444,290067,12.0,121.52,11.0,131.93,55.0,113.12
1445,239870,5.0,50.63,2.0,23.99,19.0,39.08
1446,245461,17.0,136.22,49.0,477.09,157.0,252.89
1447,211203,0.0,0.0,4.0,38.95,20.0,32.22
1448,203012,5.0,24.63,14.0,80.22,39.0,36.02
1449,284933,1.0,8.01,0.0,0.0,28.0,45.1
1450,276742,30.0,369.7,14.0,241.24,75.0,192.03
1451,299393,NA,NA,NA,NA,NA,NA
1452,243976,9.0,44.33,11.0,63.03,53.0,48.95
1453,239881,NA,NA,NA,NA,NA,NA
1454,252170,7.0,56.09,19.0,184.99,68.0,109.53
1455,299183,NA,NA,NA,NA,NA,NA
1456,203023,68.0,544.89,8.0,77.89,115.0,185.24
1457,280848,2.0,20.25,15.0,179.9,65.0,133.69
1458,289041,15.0,151.89,10.0,119.93,58.0,119.29
1459,264466,10.0,49.25,12.0,68.76,113.0,104.37
1460,239892,80.0,641.04,55.0,535.51,333.0,536.39
1461,299396,42.0,499.77,7.0,131.17,164.0,491.81
1462,207130,0.0,0.0,1.0,9.74,1.0,1.61
1463,284955,4.0,40.51,25.0,299.84,66.0,135.74
1464,289052,10.0,80.13,10.0,97.37,74.0,119.2
1465,280861,1.0,10.13,2.0,23.99,9.0,18.51
1466,243998,5.0,40.07,1.0,9.74,54.0,86.98
1467,248095,2.0,16.03,5.0,48.68,0.0,0.0
1468,239904,NA,NA,NA,NA,NA,NA
1469,244002,3.0,24.04,0.0,0.0,12.0,19.33
1470,239323,5.0,40.07,28.0,272.62,135.0,217.46
1471,207141,2.0,16.03,0.0,0.0,21.0,33.83
1472,289063,2.0,16.03,4.0,38.95,19.0,30.6
1473,293160,1.0,12.32,0.0,0.0,10.0,25.6
1474,272681,17.0,136.22,30.0,292.1,159.0,256.12
1475,260394,1.0,10.13,3.0,35.98,11.0,22.62
1476,239915,41.0,328.53,15.0,146.05,138.0,222.29
1477,231725,22.0,176.29,7.0,68.16,152.0,244.84
1478,207152,3.0,24.04,0.0,0.0,0.0,0.0
1479,299400,2.0,16.03,0.0,0.0,22.0,35.44
1480,299457,NA,NA,NA,NA,NA,NA
1481,268595,9.0,72.12,1.0,9.74,58.0,93.43
1482,249566,0.0,0.0,0.0,0.0,3.0,4.83
1483,239926,10.0,80.13,0.0,0.0,34.0,54.77
1484,287113,1.0,8.01,0.0,0.0,10.0,16.11
1485,248120,4.0,32.05,0.0,0.0,3.0,4.83
1486,283462,32.0,256.42,29.0,282.36,56.0,90.2
1487,211260,9.0,72.12,1.0,9.74,76.0,122.42
1488,299321,2.0,24.65,0.0,0.0,20.0,51.21
1489,284990,5.0,40.07,7.0,68.16,65.0,104.7
1490,245472,8.0,64.1,2.0,19.47,51.0,82.15
1491,248131,23.0,184.3,6.0,58.42,49.0,78.93
1492,227652,15.0,120.2,16.0,155.78,119.0,191.68
1493,207174,2.0,16.03,8.0,77.89,40.0,64.43
1494,211271,26.0,128.06,56.0,320.89,84.0,77.58
1495,289096,20.0,202.53,50.0,599.67,173.0,355.81
1496,293193,6.0,73.94,9.0,155.08,30.0,76.81
1497,268618,0.0,0.0,0.0,0.0,2.0,4.11
1498,239948,12.0,96.16,3.0,29.21,69.0,111.14
1499,256333,6.0,48.08,2.0,19.47,20.0,32.22
1500,248142,0.0,0.0,6.0,58.42,8.0,12.89
1501,299401,NA,NA,NA,NA,NA,NA
1502,299458,NA,NA,NA,NA,NA,NA
1503,207185,0.0,0.0,8.0,77.89,32.0,51.55
1504,293205,4.0,40.51,0.0,0.0,18.0,37.02
1505,289110,0.0,0.0,0.0,0.0,11.0,28.16
1506,260441,8.0,64.1,8.0,77.89,23.0,37.05
1507,227674,6.0,48.08,1.0,9.74,20.0,32.22
1508,299407,21.0,168.27,8.0,77.89,110.0,177.19
1509,293730,15.0,184.85,9.0,155.08,30.0,76.81
1510,280928,2.0,20.25,9.0,107.94,41.0,84.33
1511,285025,17.0,172.15,34.0,407.78,112.0,230.35
1512,248164,NA,NA,NA,NA,NA,NA
1513,239334,31.0,248.4,41.0,399.2,151.0,243.23
1514,299186,NA,NA,NA,NA,NA,NA
1515,293227,1.0,12.32,1.0,17.23,8.0,20.48
1516,245448,75.0,600.98,55.0,535.51,425.0,684.59
1517,256366,NA,NA,NA,NA,NA,NA
1518,248175,16.0,128.21,10.0,97.37,24.0,38.66
1519,227696,14.0,141.77,11.0,131.93,101.0,207.73
1520,207221,0.0,0.0,2.0,19.47,16.0,25.77
1521,293238,NA,NA,NA,NA,NA,NA
1522,289143,0.0,0.0,3.0,17.19,37.0,34.17
1523,293240,0.0,0.0,2.0,34.46,8.0,20.48
1524,256377,3.0,24.04,3.0,29.21,7.0,11.28
1525,227708,17.0,136.22,7.0,68.16,45.0,72.49
1526,227710,6.0,48.08,4.0,38.95,32.0,51.55
1527,207232,NA,NA,NA,NA,NA,NA
1528,294892,51.0,628.48,12.0,206.78,136.0,348.21
1529,285058,92.0,737.2,47.0,457.62,343.0,552.5
1530,299182,NA,NA,NA,NA,NA,NA
1531,299429,8.0,95.19,6.0,112.43,39.0,116.96
1532,299187,2.0,20.25,0.0,0.0,3.0,6.17
1533,260452,2.0,16.03,8.0,77.89,30.0,48.32
1534,237975,24.0,192.31,23.0,223.94,192.0,309.27
1535,289165,45.0,360.59,42.0,408.94,113.0,182.02
1536,293262,4.0,32.05,7.0,68.16,30.0,48.32
1537,285071,10.0,80.13,5.0,48.68,45.0,72.49
1538,299416,NA,NA,NA,NA,NA,NA
1539,227732,60.0,480.78,56.0,545.25,350.0,563.78
1540,216814,27.0,105.96,22.0,106.55,218.0,168.9
1541,203158,61.0,300.44,35.0,200.55,307.0,283.55
1542,297367,NA,NA,NA,NA,NA,NA
1543,272794,3.0,24.04,56.0,545.25,33.0,53.16
1544,259823,14.0,112.18,11.0,107.1,58.0,93.43
1545,256413,NA,NA,NA,NA,NA,NA
1546,288413,13.0,154.69,4.0,74.95,86.0,257.9
1547,299419,0.0,0.0,0.0,0.0,1.0,3.0
1548,293284,1.0,8.01,4.0,38.95,4.0,6.44
1549,285093,NA,NA,NA,NA,NA,NA
1550,281000,5.0,50.63,0.0,0.0,20.0,41.13
1551,227754,11.0,88.14,9.0,87.63,44.0,70.87
1552,290546,3.0,30.38,2.0,23.99,41.0,84.33
1553,293295,12.0,121.52,21.0,251.86,61.0,125.46
1554,289201,8.0,64.1,13.0,126.58,46.0,74.1
1555,256435,4.0,32.05,0.0,0.0,59.0,95.04
1556,227765,4.0,32.05,6.0,58.42,40.0,64.43
1557,278260,0.0,0.0,2.0,19.47,1.0,1.61
1558,293307,0.0,0.0,0.0,0.0,12.0,24.68
1559,289212,10.0,49.25,8.0,45.84,29.0,26.78
1560,292064,1.0,12.32,0.0,0.0,7.0,17.92
1561,249590,110.0,881.43,16.0,155.78,217.0,349.54
1562,293318,1.0,10.13,6.0,71.96,10.0,20.57
1563,283041,3.0,30.38,1.0,11.99,23.0,47.3
1564,293320,NA,NA,NA,NA,NA,NA
1565,264650,NA,NA,NA,NA,NA,NA
1566,227787,1.0,8.01,3.0,29.21,10.0,16.11
1567,262562,13.0,104.17,3.0,29.21,102.0,164.3
1568,281044,2.0,20.25,15.0,179.9,26.0,53.47
1569,297380,3.0,36.97,3.0,51.69,28.0,71.69
1570,297436,NA,NA,NA,NA,NA,NA
1571,255738,7.0,34.48,9.0,51.57,30.0,27.71
1572,281055,NA,NA,NA,NA,NA,NA
1573,234576,NA,NA,NA,NA,NA,NA
1574,264956,0.0,0.0,2.0,11.46,21.0,19.4
1575,299171,NA,NA,NA,NA,NA,NA
1576,273321,15.0,120.2,36.0,350.52,58.0,93.43
1577,276968,22.0,176.29,9.0,87.63,65.0,104.7
1578,239356,NA,NA,NA,NA,NA,NA
1579,281066,1.0,10.13,2.0,23.99,20.0,41.13
1580,281682,10.0,101.26,1.0,11.99,25.0,51.42
1581,215536,2.0,16.03,3.0,29.21,40.0,64.43
1582,297460,20.0,160.26,17.0,165.52,85.0,136.92
1583,264694,8.0,64.1,3.0,29.21,29.0,46.71
1584,295337,0.0,0.0,0.0,0.0,10.0,16.11
1585,227834,NA,NA,NA,NA,NA,NA
1586,274858,0.0,0.0,0.0,0.0,6.0,9.66
1587,293375,5.0,61.62,14.0,241.24,37.0,94.73
1588,272896,11.0,88.14,1.0,9.74,73.0,117.59
1589,281090,21.0,168.27,23.0,223.94,92.0,148.19
1590,299435,2.0,23.8,3.0,56.22,5.0,14.99
1591,277244,1.0,10.13,0.0,0.0,20.0,41.13
1592,299436,NA,NA,NA,NA,NA,NA
1593,293386,0.0,0.0,1.0,9.74,28.0,45.1
1594,287831,39.0,464.07,2.0,37.48,102.0,305.88
1595,299325,2.0,23.8,4.0,74.95,20.0,59.98
1596,264717,15.0,120.2,43.0,418.67,110.0,177.19
1597,281102,8.0,81.01,0.0,0.0,35.0,71.98
1598,262573,23.0,184.3,16.0,155.78,137.0,220.68
1599,211475,0.0,0.0,4.0,38.95,27.0,43.49
1600,299415,NA,NA,NA,NA,NA,NA
1601,289303,2.0,16.03,0.0,0.0,10.0,16.11
1602,293400,12.0,121.52,21.0,251.86,57.0,117.23
1603,264730,4.0,32.05,8.0,77.89,70.0,112.76
1604,297391,0.0,0.0,2.0,37.48,16.0,47.98
1605,203295,NA,NA,NA,NA,NA,NA
1606,299465,NA,NA,NA,NA,NA,NA
1607,293411,40.0,320.52,21.0,204.47,137.0,220.68
1608,256548,4.0,32.05,1.0,9.74,26.0,41.88
1609,264741,1.0,8.01,3.0,29.21,52.0,83.76
1610,203307,1.0,8.01,2.0,19.47,25.0,40.27
1611,295510,14.0,68.95,8.0,45.84,180.0,166.25
1612,299433,8.0,95.19,6.0,112.43,3.0,9.0
1613,272943,5.0,40.07,4.0,38.95,21.0,33.83
1614,264752,2.0,16.03,0.0,0.0,10.0,16.11
1615,298760,8.0,81.01,0.0,0.0,18.0,37.02
1616,299443,NA,NA,NA,NA,NA,NA
1617,219701,41.0,201.94,19.0,108.87,195.0,180.1
1618,203318,35.0,280.46,52.0,506.3,177.0,285.11
1619,297527,0.0,0.0,1.0,17.23,6.0,15.36
1620,203320,13.0,104.17,1.0,9.74,36.0,57.99
1621,293433,4.0,40.51,0.0,0.0,29.0,59.64
1622,260667,6.0,48.08,1.0,9.74,34.0,54.77
1623,265994,7.0,56.09,11.0,107.1,20.0,32.22
1624,219712,32.0,157.61,14.0,80.22,219.0,202.27
1625,297538,7.0,70.88,3.0,35.98,13.0,26.74
1626,289347,1.0,12.32,0.0,0.0,6.0,15.36
1627,295350,2.0,20.25,2.0,23.99,15.0,30.85
1628,264774,2.0,16.03,3.0,29.21,11.0,17.72
1629,234827,2.0,16.03,1.0,9.74,1.0,1.61
1630,257804,19.0,152.25,15.0,146.05,53.0,85.37
1631,223818,27.0,216.35,20.0,194.73,252.0,405.92
1632,215627,4.0,32.05,15.0,146.05,25.0,40.27
1633,223820,10.0,80.13,11.0,107.1,78.0,125.64
1634,296034,0.0,0.0,1.0,9.74,0.0,0.0
1635,245517,33.0,264.43,55.0,535.51,95.0,153.02
1636,285264,2.0,20.25,2.0,23.99,17.0,34.96
1637,299448,NA,NA,NA,NA,NA,NA
1638,256594,0.0,0.0,6.0,58.42,2.0,3.22
1639,275555,3.0,14.78,0.0,0.0,16.0,14.78
1640,215638,NA,NA,NA,NA,NA,NA
1641,223831,17.0,83.73,48.0,275.05,94.0,86.82
1642,293466,15.0,120.2,23.0,223.94,50.0,80.54
1643,289371,23.0,283.43,21.0,361.86,169.0,432.7
1644,277084,46.0,368.6,19.0,184.99,83.0,133.7
1645,281181,8.0,64.1,1.0,9.74,23.0,37.05
1646,299267,5.0,50.63,2.0,23.99,33.0,67.87
1647,219745,2.0,16.03,4.0,38.95,47.0,75.71
1648,207458,2.0,16.03,0.0,0.0,11.0,17.72
1649,297403,3.0,35.7,8.0,149.91,25.0,74.97
1650,289382,2.0,16.03,7.0,68.16,14.0,22.55
1651,272145,5.0,50.63,2.0,23.99,12.0,24.68
1652,264808,11.0,111.39,7.0,83.95,76.0,156.31
1653,238012,5.0,24.63,2.0,11.46,46.0,42.49
1654,264810,14.0,112.18,4.0,38.95,64.0,103.09
1655,223853,20.0,78.49,25.0,121.08,96.0,74.38
1656,215662,15.0,120.2,6.0,58.42,56.0,90.2
1657,299453,NA,NA,NA,NA,NA,NA
1658,293488,0.0,0.0,0.0,0.0,13.0,33.28
1659,298771,3.0,30.38,0.0,0.0,8.0,16.45
1660,295521,3.0,24.04,2.0,19.47,9.0,14.5
1661,248437,8.0,64.1,27.0,262.89,49.0,78.93
1662,256630,1.0,10.13,0.0,0.0,2.0,4.11
1663,219767,17.0,136.22,2.0,19.47,119.0,191.68
1664,215673,NA,NA,NA,NA,NA,NA
1665,207482,3.0,24.04,4.0,38.95,9.0,14.5
1666,299468,NA,NA,NA,NA,NA,NA
1667,277118,6.0,60.76,22.0,263.86,46.0,94.61
1668,248448,13.0,104.17,8.0,77.89,13.0,20.94
1669,219778,56.0,448.73,5.0,48.68,251.0,404.31
1670,223875,5.0,40.07,3.0,29.21,38.0,61.21
1671,219780,18.0,144.23,18.0,175.26,195.0,314.1
1672,295361,NA,NA,NA,NA,NA,NA
1673,289416,24.0,295.76,0.0,0.0,33.0,84.49
1674,250504,34.0,272.44,11.0,107.1,72.0,115.98
1675,260747,2.0,16.03,0.0,0.0,1.0,1.61
1676,248461,NA,NA,NA,NA,NA,NA
1677,219791,34.0,272.44,13.0,126.58,77.0,124.03
1678,249624,64.0,648.08,20.0,239.87,180.0,370.21
1679,297026,NA,NA,NA,NA,NA,NA
1680,289427,0.0,0.0,0.0,0.0,25.0,51.42
1681,293524,23.0,184.3,37.0,360.25,52.0,83.76
1682,281237,13.0,64.03,14.0,80.22,58.0,53.57
1683,272327,13.0,131.64,8.0,95.95,60.0,123.4
1684,299460,NA,NA,NA,NA,NA,NA
1685,229146,44.0,216.71,32.0,183.36,225.0,207.81
1686,297631,NA,NA,NA,NA,NA,NA
1687,285344,22.0,222.78,70.0,839.54,210.0,431.91
1688,297414,10.0,118.99,13.0,243.6,63.0,188.93
1689,219814,4.0,32.05,0.0,0.0,4.0,6.44
1690,272156,29.0,357.37,6.0,103.39,63.0,161.3
1691,229831,63.0,504.82,73.0,710.77,254.0,409.14
1692,256685,0.0,0.0,0.0,0.0,2.0,3.22
1693,251677,82.0,657.07,52.0,506.3,205.0,330.21
1694,219825,0.0,0.0,3.0,29.21,18.0,28.99
1695,293557,8.0,81.01,17.0,203.89,172.0,353.75
1696,285366,3.0,30.38,11.0,131.93,16.0,32.91
1697,277175,1.0,10.13,8.0,95.95,20.0,41.13
1698,281272,NA,NA,NA,NA,NA,NA
1699,260793,44.0,216.71,29.0,166.17,203.0,187.49
1700,219836,22.0,176.29,0.0,0.0,30.0,48.32
1701,299466,NA,NA,NA,NA,NA,NA
1702,293568,2.0,24.65,2.0,34.46,17.0,43.53
1703,260326,7.0,70.88,15.0,179.9,12.0,24.68
1704,219847,39.0,312.51,44.0,428.41,144.0,231.95
1705,295372,5.0,61.62,28.0,482.49,25.0,64.01
1706,285388,10.0,123.23,28.0,482.49,36.0,92.17
1707,277197,54.0,665.45,16.0,275.71,229.0,586.32
1708,287181,NA,NA,NA,NA,NA,NA
1709,260816,2.0,16.03,1.0,9.74,6.0,9.66
1710,283768,4.0,40.51,13.0,155.92,21.0,43.19
1711,244434,2.0,16.03,0.0,0.0,4.0,6.44
1712,289495,1.0,12.32,5.0,86.16,40.0,102.41
1713,253732,44.0,352.57,7.0,68.16,76.0,122.42
1714,260736,1.0,8.01,4.0,38.95,37.0,59.6
1715,277211,NA,NA,NA,NA,NA,NA
1716,244445,5.0,40.07,10.0,97.37,33.0,53.16
1717,289507,21.0,168.27,4.0,38.95,25.0,40.27
1718,277222,8.0,81.01,0.0,0.0,58.0,119.29
1719,244456,24.0,192.31,21.0,204.47,43.0,69.26
1720,289518,62.0,627.83,117.0,1403.24,310.0,637.58
1721,293615,3.0,36.97,0.0,0.0,3.0,7.68
1722,285424,0.0,0.0,6.0,71.96,21.0,43.19
1723,277233,NA,NA,NA,NA,NA,NA
1724,244467,15.0,120.2,3.0,29.21,18.0,28.99
1725,232182,2.0,16.03,38.0,369.99,57.0,91.81
1726,294562,3.0,30.38,0.0,0.0,18.0,37.02
1727,285140,16.0,197.17,6.0,103.39,45.0,115.22
1728,293626,7.0,86.26,29.0,499.72,68.0,174.1
1729,285435,2.0,24.65,3.0,51.69,29.0,74.25
1730,273148,0.0,0.0,0.0,0.0,5.0,8.05
1731,260862,3.0,14.78,2.0,11.46,19.0,17.55
1732,299336,4.0,47.6,6.0,112.43,18.0,53.98
1733,232193,5.0,40.07,12.0,116.84,45.0,72.49
1734,293637,2.0,24.65,4.0,68.93,10.0,25.6
1735,285446,NA,NA,NA,NA,NA,NA
1736,277255,0.0,0.0,0.0,0.0,2.0,4.11
1737,256776,7.0,56.09,2.0,19.47,65.0,104.7
1738,290604,3.0,30.38,0.0,0.0,6.0,12.34
1739,290912,2.0,16.03,1.0,9.74,55.0,88.59
1740,295383,2.0,20.25,7.0,83.95,31.0,63.76
1741,219723,NA,NA,NA,NA,NA,NA
1742,232205,17.0,66.72,44.0,213.09,249.0,192.91
1743,273695,3.0,24.04,0.0,0.0,0.0,0.0
1744,289553,NA,NA,NA,NA,NA,NA
1745,277266,16.0,162.02,55.0,659.64,161.0,331.13
1746,296067,12.0,96.16,5.0,48.68,67.0,107.92
1747,260884,4.0,32.05,6.0,58.42,31.0,49.93
1748,279560,3.0,36.97,2.0,34.46,15.0,38.41
1749,291972,8.0,98.59,0.0,0.0,10.0,25.6
1750,285468,13.0,131.64,19.0,227.88,51.0,104.89
1751,299375,8.0,95.19,5.0,93.69,31.0,92.96
1752,245552,5.0,50.63,2.0,23.99,24.0,49.36
1753,232227,68.0,544.89,29.0,282.36,107.0,172.35
1754,215844,0.0,0.0,0.0,0.0,4.0,3.69
1755,299085,0.0,0.0,0.0,0.0,8.0,23.99
1756,273194,0.0,0.0,0.0,0.0,6.0,9.66
1757,260907,NA,NA,NA,NA,NA,NA
1758,256812,6.0,48.08,24.0,233.68,73.0,117.59
1759,263986,3.0,24.04,6.0,58.42,46.0,74.1
1760,232238,3.0,24.04,1.0,9.74,43.0,69.26
1761,232240,0.0,0.0,0.0,0.0,7.0,11.28
1762,289586,0.0,0.0,0.0,0.0,4.0,10.24
1763,293683,1.0,12.32,0.0,0.0,33.0,84.49
1764,290466,0.0,0.0,14.0,167.91,32.0,65.81
1765,260918,1.0,8.01,0.0,0.0,18.0,28.99
1766,269111,1.0,10.13,1.0,11.99,5.0,10.28
1767,260920,1.0,8.01,0.0,0.0,8.0,12.89
1768,289597,20.0,202.53,2.0,23.99,39.0,80.21
1769,293694,22.0,271.11,4.0,68.93,33.0,84.49
1770,298805,8.0,81.01,2.0,23.99,6.0,12.34
1771,285504,7.0,56.09,7.0,68.16,38.0,61.21
1772,277313,5.0,40.07,5.0,48.68,36.0,57.99
1773,285184,1.0,10.13,0.0,0.0,2.0,4.11
1774,293706,4.0,49.29,1.0,17.23,19.0,48.65
1775,285515,8.0,64.1,2.0,19.47,21.0,33.83
1776,277324,45.0,360.59,43.0,418.67,217.0,349.54
1777,283108,1.0,10.13,1.0,11.99,18.0,37.02
1778,248654,9.0,44.33,30.0,171.9,95.0,87.74
1779,299446,7.0,83.3,17.0,318.56,21.0,62.98
1780,293717,2.0,24.65,0.0,0.0,5.0,12.8
1781,289622,8.0,98.59,3.0,51.69,41.0,104.97
1782,277335,3.0,24.04,4.0,38.95,24.0,38.66
1783,265048,7.0,56.09,28.0,272.62,171.0,275.44
1784,260953,17.0,83.73,7.0,40.11,70.0,64.65
1785,295111,14.0,54.94,45.0,217.94,122.0,94.52
1786,219621,0.0,0.0,0.0,0.0,37.0,59.6
1787,277346,1.0,8.01,11.0,107.1,101.0,162.69
1788,248676,14.0,112.18,9.0,87.63,58.0,93.43
1789,258534,2.0,20.25,8.0,95.95,65.0,133.69
1790,288572,NA,NA,NA,NA,NA,NA
1791,297447,NA,NA,NA,NA,NA,NA
1792,289644,0.0,0.0,8.0,95.95,13.0,26.74
1793,224402,0.0,0.0,3.0,29.21,7.0,11.28
1794,256878,5.0,40.07,13.0,126.58,18.0,28.99
1795,273263,0.0,0.0,10.0,119.93,41.0,84.33
1796,256880,10.0,80.13,5.0,48.68,74.0,119.2
1797,215924,NA,NA,NA,NA,NA,NA
1798,207733,NA,NA,NA,NA,NA,NA
1799,297846,11.0,111.39,10.0,119.93,147.0,302.34
1800,289655,31.0,313.92,10.0,119.93,92.0,189.22
1801,273274,9.0,91.14,1.0,11.99,71.0,146.03
1802,248701,0.0,0.0,0.0,0.0,1.0,1.61
1803,207744,5.0,50.63,11.0,131.93,43.0,88.44
1804,273285,1.0,8.01,0.0,0.0,14.0,22.55
1805,256903,3.0,24.04,1.0,9.74,15.0,24.16
1806,283110,0.0,0.0,0.0,0.0,11.0,22.62
1807,297868,0.0,0.0,1.0,5.73,0.0,0.0
1808,293774,NA,NA,NA,NA,NA,NA
1809,256914,1.0,8.01,2.0,19.47,16.0,25.77
1810,248723,24.0,118.21,9.0,51.57,98.0,90.51
1811,261012,17.0,83.73,2.0,11.46,23.0,21.24
1812,293067,6.0,60.76,3.0,35.98,10.0,20.57
1813,289688,14.0,141.77,11.0,131.93,120.0,246.81
1814,293785,0.0,0.0,0.0,0.0,1.0,2.56
1815,289690,NA,NA,NA,NA,NA,NA
1816,248734,NA,NA,NA,NA,NA,NA
1817,291312,12.0,147.88,11.0,189.55,68.0,174.1
1818,297892,9.0,110.91,31.0,534.18,51.0,130.58
1819,277415,NA,NA,NA,NA,NA,NA
1820,265128,11.0,88.14,6.0,58.42,49.0,78.93
1821,248745,9.0,44.33,10.0,57.3,33.0,30.48
1822,240555,85.0,681.11,5.0,48.68,243.0,391.42
1823,203694,17.0,136.22,44.0,428.41,135.0,217.46
1824,297904,7.0,83.3,11.0,206.13,27.0,80.97
1825,289713,10.0,101.26,5.0,59.97,60.0,123.4
1826,277426,17.0,136.22,58.0,564.72,44.0,70.87
1827,299342,9.0,107.09,0.0,0.0,26.0,77.97
1828,240566,4.0,32.05,11.0,107.1,85.0,136.92
1829,228280,0.0,0.0,0.0,0.0,7.0,6.47
1830,217588,1.0,4.93,0.0,0.0,26.0,24.01
1831,207802,NA,NA,NA,NA,NA,NA
1832,297915,8.0,98.59,5.0,86.16,32.0,81.93
1833,289724,3.0,30.38,0.0,0.0,5.0,10.28
1834,277437,1.0,8.01,1.0,9.74,13.0,20.94
1835,216962,12.0,96.16,57.0,554.98,197.0,317.33
1836,248767,7.0,27.47,16.0,77.49,99.0,76.7
1837,261056,2.0,16.03,2.0,19.47,26.0,41.88
1838,240577,16.0,128.21,23.0,223.94,54.0,86.98
1839,236482,1.0,8.01,3.0,29.21,11.0,17.72
1840,299157,0.0,0.0,0.0,0.0,2.0,3.22
1841,297926,1.0,11.9,2.0,37.48,9.0,26.99
1842,289735,7.0,70.88,3.0,35.98,27.0,55.53
1843,277448,1.0,8.01,2.0,19.47,40.0,64.43
1844,269257,1.0,8.01,1.0,9.74,11.0,17.72
1845,277450,22.0,108.36,32.0,183.36,37.0,34.17
1846,240590,20.0,98.51,37.0,212.01,206.0,190.26
1847,228303,NA,NA,NA,NA,NA,NA
1848,207824,3.0,24.04,0.0,0.0,7.0,11.28
1849,297937,6.0,71.4,6.0,112.43,24.0,71.97
1850,289746,1.0,12.32,5.0,86.16,31.0,79.37
1851,293843,11.0,54.18,32.0,183.36,199.0,183.8
1852,228314,16.0,128.21,11.0,107.1,141.0,227.12
1853,207835,9.0,72.12,24.0,233.68,189.0,304.44
1854,297948,2.0,23.8,1.0,18.74,7.0,20.99
1855,297950,6.0,71.4,12.0,224.86,16.0,47.98
1856,277472,1.0,8.01,3.0,29.21,10.0,16.11
1857,228325,49.0,241.34,16.0,91.68,253.0,233.67
1858,207846,59.0,290.59,22.0,126.06,270.0,249.37
1859,211943,34.0,272.44,4.0,38.95,100.0,161.08
1860,216040,NA,NA,NA,NA,NA,NA
1861,293865,36.0,177.31,4.0,22.92,124.0,114.53
1862,289770,12.0,121.52,12.0,143.92,34.0,69.93
1863,290342,NA,NA,NA,NA,NA,NA
1864,281580,13.0,131.64,12.0,143.92,30.0,61.7
1865,228336,2.0,16.03,2.0,19.47,30.0,48.32
1866,220146,29.0,232.38,4.0,38.95,119.0,191.68
1867,297972,3.0,35.7,0.0,0.0,31.0,92.96
1868,289781,4.0,32.05,0.0,0.0,30.0,48.32
1869,228347,29.0,232.38,0.0,0.0,7.0,11.28
1870,236540,0.0,0.0,0.0,0.0,5.0,8.05
1871,211965,47.0,376.61,23.0,223.94,126.0,202.96
1872,207870,2.0,16.03,2.0,19.47,9.0,14.5
1873,259925,8.0,81.01,49.0,587.68,52.0,106.95
1874,289792,8.0,64.1,9.0,87.63,59.0,95.04
1875,276992,3.0,24.04,0.0,0.0,10.0,16.11
1876,290752,5.0,40.07,2.0,19.47,22.0,35.44
1877,228358,4.0,32.05,16.0,155.78,40.0,64.43
1878,236551,31.0,248.4,56.0,545.25,96.0,154.64
1879,211976,NA,NA,NA,NA,NA,NA
1880,216073,12.0,96.16,7.0,68.16,41.0,66.04
1881,297994,2.0,24.65,1.0,17.23,17.0,43.53
1882,251735,12.0,96.16,16.0,155.78,87.0,140.14
1883,289804,16.0,128.21,8.0,77.89,112.0,180.41
1884,299345,15.0,178.49,2.0,37.48,43.0,128.95
1885,236562,60.0,480.78,28.0,272.62,217.0,349.54
1886,207892,32.0,256.42,9.0,87.63,105.0,169.13
1887,299370,13.0,154.69,7.0,131.17,45.0,134.95
1888,289815,10.0,80.13,9.0,87.63,68.0,109.53
1889,290832,0.0,0.0,6.0,103.39,7.0,17.92
1890,203808,24.0,192.31,11.0,107.1,73.0,117.59
1891,295430,1.0,8.01,0.0,0.0,40.0,64.43
1892,224297,29.0,113.81,8.0,38.74,59.0,45.71
1893,299452,NA,NA,NA,NA,NA,NA
1894,203821,50.0,400.65,8.0,77.89,65.0,104.7
1895,257074,13.0,64.03,6.0,34.38,69.0,63.73
1896,232502,51.0,408.66,61.0,593.93,222.0,357.6
1897,254473,0.0,0.0,0.0,0.0,16.0,14.78
1898,289848,0.0,0.0,10.0,119.93,12.0,24.68
1899,281658,14.0,112.18,31.0,301.83,34.0,54.77
1900,257085,0.0,0.0,0.0,0.0,8.0,7.39
1901,246965,4.0,32.05,4.0,38.95,29.0,46.71
1902,228416,5.0,24.63,18.0,103.14,56.0,51.72
1903,284512,2.0,16.03,3.0,29.21,7.0,11.28
1904,203843,14.0,112.18,18.0,175.26,129.0,207.79
1905,289861,2.0,20.25,5.0,59.97,57.0,117.23
1906,263827,5.0,40.07,29.0,282.36,100.0,161.08
1907,281671,24.0,192.31,28.0,272.62,120.0,193.29
1908,299347,1.0,11.9,2.0,37.48,5.0,14.99
1909,207948,30.0,240.39,19.0,184.99,129.0,207.79
1910,251746,29.0,113.81,60.0,290.58,246.0,190.59
1911,207950,5.0,40.07,0.0,0.0,59.0,95.04
1912,277585,17.0,136.22,8.0,77.89,51.0,82.15
1913,269394,1.0,3.92,4.0,19.37,6.0,4.65
1914,257108,5.0,40.07,20.0,194.73,73.0,117.59
1915,207961,10.0,80.13,10.0,97.37,75.0,120.81
1916,299425,NA,NA,NA,NA,NA,NA
1917,289883,13.0,131.64,20.0,239.87,72.0,148.08
1918,227173,2.0,16.03,6.0,58.42,46.0,74.1
1919,299125,4.0,40.51,9.0,107.94,49.0,100.78
1920,212070,19.0,152.25,14.0,136.31,108.0,173.97
1921,295441,2.0,16.03,2.0,19.47,10.0,16.11
1922,269417,3.0,24.04,1.0,9.74,9.0,14.5
1923,261227,45.0,360.59,69.0,671.82,541.0,871.44
1924,232557,6.0,29.55,13.0,74.49,54.0,49.87
1925,207983,1.0,8.01,5.0,48.68,48.0,77.32
1926,285982,2.0,20.25,2.0,23.99,25.0,51.42
1927,298100,0.0,0.0,3.0,17.19,18.0,16.62
1928,277621,NA,NA,NA,NA,NA,NA
1929,265334,NA,NA,NA,NA,NA,NA
1930,288617,0.0,0.0,0.0,0.0,8.0,16.45
1931,261240,14.0,68.95,7.0,40.11,139.0,128.38
1932,254484,52.0,416.68,38.0,369.99,165.0,265.78
1933,207994,0.0,0.0,0.0,0.0,7.0,11.28
1934,220283,8.0,64.1,17.0,165.52,184.0,296.39
1935,289917,1.0,10.13,5.0,59.97,102.0,209.78
1936,298111,9.0,72.12,12.0,116.84,105.0,169.13
1937,269441,9.0,72.12,12.0,116.84,19.0,30.6
1938,284523,22.0,176.29,18.0,175.26,99.0,159.47
1939,224390,55.0,215.84,20.0,96.86,254.0,196.79
1940,208007,36.0,288.47,17.0,165.52,99.0,159.47
1941,289928,2.0,20.25,3.0,35.98,53.0,109.01
1942,289930,22.0,222.78,19.0,227.88,63.0,129.57
1943,269452,NA,NA,NA,NA,NA,NA
1944,208018,5.0,40.07,5.0,48.68,16.0,25.77
1945,292953,0.0,0.0,2.0,19.47,5.0,8.05
1946,208020,0.0,0.0,0.0,0.0,10.0,16.11
1947,289941,2.0,16.03,4.0,38.95,10.0,16.11
1948,240794,NA,NA,NA,NA,NA,NA
1949,208031,0.0,0.0,0.0,0.0,7.0,11.28
1950,285856,14.0,112.18,10.0,97.37,85.0,136.92
1951,299350,2.0,16.03,4.0,38.95,15.0,24.16
1952,240806,1.0,8.01,2.0,19.47,19.0,30.6
1953,203945,1.0,8.01,2.0,19.47,36.0,57.99
1954,208042,9.0,72.12,17.0,165.52,81.0,130.47
1955,289963,3.0,24.04,9.0,87.63,35.0,56.38
1956,299371,10.0,118.99,6.0,112.43,136.0,407.84
1957,265391,3.0,24.04,2.0,19.47,8.0,12.89
1958,287944,NA,NA,NA,NA,NA,NA
1959,203956,4.0,32.05,4.0,38.95,18.0,28.99
1960,208053,4.0,32.05,2.0,19.47,11.0,17.72
1961,298166,18.0,54.4,20.0,61.28,118.0,89.83
1962,299262,2.0,24.65,0.0,0.0,6.0,15.36
1963,258591,58.0,464.76,42.0,408.94,87.0,140.14
1964,203967,20.0,160.26,29.0,282.36,249.0,401.09
1965,289985,NA,NA,NA,NA,NA,NA
1966,246987,NA,NA,NA,NA,NA,NA
1967,244935,0.0,0.0,0.0,0.0,5.0,8.05
1968,261320,5.0,40.07,0.0,0.0,19.0,30.6
1969,289996,50.0,400.65,19.0,184.99,158.0,254.5
1970,208075,13.0,104.17,19.0,184.99,64.0,103.09
1971,203980,46.0,368.6,7.0,68.16,237.0,381.76
1972,298190,5.0,15.11,1.0,3.06,27.0,20.55
1973,277712,4.0,32.05,3.0,29.21,16.0,25.77
1974,236755,4.0,32.05,4.0,38.95,21.0,33.83
1975,224468,21.0,168.27,6.0,58.42,104.0,167.52
1976,234975,0.0,0.0,12.0,116.84,10.0,16.11
1977,203991,0.0,0.0,0.0,0.0,62.0,99.87
1978,281818,10.0,101.26,12.0,143.92,132.0,271.49
1979,236766,8.0,64.1,23.0,223.94,57.0,91.81
1980,299352,51.0,154.12,45.0,137.88,125.0,95.16
1981,259253,5.0,24.63,5.0,28.65,16.0,14.78
1982,204004,2.0,16.03,2.0,19.47,6.0,9.66
1983,277734,NA,NA,NA,NA,NA,NA
1984,281831,27.0,273.41,18.0,215.88,115.0,236.52
1985,240874,0.0,0.0,0.0,0.0,9.0,18.51
1986,204015,1.0,4.93,0.0,0.0,8.0,7.39
1987,299426,27.0,321.28,6.0,112.43,55.0,164.94
1988,265458,31.0,152.69,7.0,40.11,204.0,188.42
1989,257267,20.0,160.26,4.0,38.95,40.0,64.43
1990,236788,34.0,133.43,5.0,24.22,126.0,97.62
1991,216313,22.0,176.29,29.0,282.36,47.0,75.71
1992,204026,13.0,104.17,15.0,146.05,45.0,72.49
1993,277756,4.0,40.51,3.0,35.98,38.0,78.16
1994,273662,NA,NA,NA,NA,NA,NA
1995,240896,5.0,40.07,11.0,107.1,3.0,4.83
1996,254507,7.0,34.48,4.0,22.92,33.0,30.48
1997,275670,1.0,12.32,1.0,17.23,12.0,30.72
1998,237441,2.0,16.03,2.0,19.47,24.0,38.66
1999,290056,2.0,16.03,2.0,19.47,25.0,40.27
2000,297516,5.0,50.63,6.0,71.96,77.0,158.37
2001,265482,9.0,72.12,13.0,126.58,124.0,199.74
2002,245005,8.0,64.1,0.0,0.0,24.0,38.66
2003,240910,36.0,288.47,7.0,68.16,70.0,112.76
2004,299287,4.0,40.51,0.0,0.0,8.0,16.45
2005,251096,7.0,34.48,23.0,131.79,118.0,108.99
2006,285971,NA,NA,NA,NA,NA,NA
2007,210563,0.0,0.0,0.0,0.0,15.0,24.16
2008,298268,NA,NA,NA,NA,NA,NA
2009,285914,6.0,48.08,26.0,253.15,45.0,72.49
2010,281886,20.0,202.53,12.0,143.92,79.0,162.48
2011,277791,0.0,0.0,0.0,0.0,1.0,2.06
2012,290080,5.0,61.62,8.0,137.85,19.0,48.65
2013,277040,8.0,97.56,4.0,74.07,5.0,21.93
2014,290216,7.0,70.88,3.0,35.98,28.0,57.59
2015,294790,26.0,208.34,13.0,126.58,32.0,51.55
2016,299290,0.0,0.0,2.0,23.99,31.0,63.76
2017,281897,NA,NA,NA,NA,NA,NA
2018,290091,6.0,73.94,5.0,86.16,50.0,128.02
2019,216368,6.0,48.08,0.0,0.0,91.0,146.58
2020,286600,NA,NA,NA,NA,NA,NA
2021,216370,5.0,24.63,5.0,28.65,32.0,29.56
2022,277814,7.0,70.88,4.0,47.97,65.0,133.69
2023,281911,1.0,10.13,1.0,11.99,3.0,6.17
2024,261433,6.0,48.08,2.0,19.47,3.0,4.83
2025,216381,22.0,176.29,17.0,165.52,46.0,74.1
2026,277825,14.0,141.77,25.0,299.84,20.0,41.13
2027,281922,6.0,60.76,25.0,299.84,226.0,464.82
2028,257347,0.0,0.0,7.0,68.16,33.0,53.16
2029,254518,2.0,16.03,2.0,19.47,10.0,16.11
2030,277836,17.0,172.15,18.0,215.88,61.0,125.46
2031,281933,NA,NA,NA,NA,NA,NA
2032,240976,2.0,16.03,3.0,29.21,23.0,37.05
2033,250424,4.0,32.05,16.0,155.78,49.0,78.93
2034,298281,45.0,176.6,25.0,121.08,118.0,91.42
2035,277847,11.0,111.39,8.0,95.95,46.0,94.61
2036,281944,3.0,30.38,6.0,71.96,46.0,94.61
2037,249178,NA,NA,NA,NA,NA,NA
2038,240987,0.0,0.0,1.0,11.99,2.0,4.11
2039,248073,9.0,72.12,7.0,68.16,90.0,144.97
2040,234725,9.0,72.12,8.0,77.89,38.0,61.21
2041,298337,4.0,32.05,4.0,38.95,29.0,46.71
2042,277858,1.0,10.13,2.0,23.99,27.0,55.53
2043,277051,34.0,272.44,3.0,29.21,91.0,146.58
2044,277860,0.0,0.0,0.0,0.0,12.0,24.68
2045,257382,0.0,0.0,1.0,9.74,9.0,14.5
2046,245095,24.0,118.21,47.0,269.32,284.0,262.3
2047,241002,NA,NA,NA,NA,NA,NA
2048,204141,4.0,32.05,3.0,29.21,33.0,53.16
2049,281966,NA,NA,NA,NA,NA,NA
2050,290160,1.0,8.01,5.0,48.68,16.0,25.77
2051,257393,1.0,8.01,1.0,9.74,10.0,16.11
2052,287294,1.0,8.01,1.0,9.74,39.0,62.82
2053,204152,2.0,16.03,2.0,19.47,20.0,32.22
2054,288173,0.0,0.0,13.0,126.58,62.0,99.87
2055,241800,5.0,40.07,0.0,0.0,4.0,6.44
2056,290171,5.0,61.62,0.0,0.0,9.0,23.04
2057,3306,39.0,67.63,67.0,105.24,294.0,136.11
2058,261502,2.0,16.03,1.0,9.74,42.0,67.65
2059,266816,NA,NA,NA,NA,NA,NA
2060,204163,4.0,32.05,2.0,19.47,16.0,25.77
2061,281988,9.0,91.14,18.0,215.88,79.0,162.48
2062,273797,16.0,128.21,21.0,204.47,80.0,128.86
2063,290182,31.0,313.92,15.0,179.9,126.0,259.15
2064,284567,10.0,80.13,13.0,126.58,29.0,46.71
2065,204174,0.0,0.0,1.0,9.74,38.0,61.21
2066,286096,NA,NA,NA,NA,NA,NA
2067,277905,7.0,70.88,2.0,23.99,18.0,37.02
2068,273811,1.0,10.13,4.0,47.97,4.0,8.23
2069,298372,18.0,182.27,10.0,119.93,56.0,115.18
2070,277916,15.0,151.89,42.0,503.73,222.0,456.59
2071,290205,48.0,384.63,8.0,77.89,207.0,333.43
2072,265631,22.0,176.29,1.0,9.74,63.0,101.48
2073,247024,4.0,32.05,4.0,38.95,126.0,202.96
2074,277062,39.0,312.51,7.0,68.16,149.0,240.01
2075,298406,0.0,0.0,7.0,120.62,49.0,125.46
2076,277927,0.0,0.0,0.0,0.0,3.0,4.83
2077,269736,40.0,320.52,36.0,350.52,168.0,270.61
2078,282025,6.0,60.76,7.0,83.95,88.0,180.99
2079,299174,14.0,141.77,0.0,0.0,26.0,53.47
2080,288993,3.0,30.38,1.0,11.99,12.0,24.68
2081,290034,6.0,60.76,5.0,59.97,46.0,94.61
2082,294813,0.0,0.0,8.0,77.89,4.0,6.44
2083,277938,2.0,16.03,1.0,9.74,16.0,25.77
2084,269747,0.0,0.0,0.0,0.0,19.0,30.6
2085,277940,2.0,16.03,17.0,165.52,65.0,104.7
2086,257462,16.0,78.81,4.0,22.92,63.0,58.19
2087,282047,5.0,50.63,1.0,11.99,19.0,39.08
2088,261568,47.0,231.49,24.0,137.52,142.0,131.15
2089,245186,30.0,240.39,13.0,126.58,188.0,302.83
2090,3523,NA,NA,NA,NA,NA,NA
2091,290262,29.0,232.38,6.0,58.42,131.0,211.01
2092,291174,0.0,0.0,0.0,0.0,6.0,9.66
2093,277962,1.0,10.13,0.0,0.0,3.0,6.17
2094,290251,17.0,136.22,2.0,19.47,139.0,223.9
2095,282060,1.0,10.13,1.0,11.99,4.0,8.23
2096,261581,14.0,112.18,22.0,214.2,124.0,199.74
2097,298678,2.0,20.25,29.0,347.81,35.0,71.98
2098,245200,NA,NA,NA,NA,NA,NA
2099,298691,7.0,86.26,4.0,68.93,20.0,51.21
2100,254542,5.0,40.07,6.0,58.42,24.0,38.66
2101,265686,8.0,64.1,4.0,38.95,35.0,56.38
2102,282071,1.0,10.13,4.0,47.97,9.0,18.51
2103,218753,10.0,39.24,14.0,67.8,43.0,33.31
2104,245211,6.0,48.08,4.0,38.95,73.0,117.59
2105,299245,NA,NA,NA,NA,NA,NA
2106,273888,NA,NA,NA,NA,NA,NA
2107,265697,17.0,136.22,33.0,321.31,180.0,289.94
2108,282082,4.0,40.51,0.0,0.0,52.0,106.95
2109,3556,0.0,0.0,1.0,18.74,0.0,0.0
2110,290284,4.0,19.7,1.0,5.73,18.0,16.62
2111,282093,2.0,20.25,5.0,59.97,27.0,55.53
2112,258580,0.0,0.0,0.0,0.0,2.0,1.85
2113,265711,67.0,330.0,57.0,326.62,339.0,313.1
2114,294824,12.0,96.16,18.0,175.26,65.0,104.7
2115,290295,57.0,456.74,0.0,0.0,170.0,273.83
2116,278008,1.0,10.13,4.0,47.97,33.0,67.87
2117,273913,NA,NA,NA,NA,NA,NA
2118,3580,5.0,14.04,9.0,33.33,52.0,30.16
2119,287317,8.0,98.59,17.0,292.94,63.0,161.3
2120,290307,12.0,96.16,7.0,68.16,89.0,143.36
2121,282116,0.0,0.0,1.0,11.99,8.0,16.45
2122,265733,4.0,32.05,0.0,0.0,39.0,62.82
2123,3591,12.0,33.71,9.0,33.33,76.0,44.08
2124,298680,0.0,0.0,0.0,0.0,2.0,5.12
2125,237485,8.0,64.1,0.0,0.0,32.0,51.55
2126,290320,19.0,152.25,38.0,369.99,111.0,178.8
2127,3603,58.0,162.92,37.0,137.04,239.0,138.63
2128,273946,8.0,81.01,5.0,59.97,33.0,67.87
2129,278043,6.0,60.76,9.0,107.94,20.0,41.13
2130,292543,24.0,192.31,42.0,408.94,95.0,153.02
2131,292816,4.0,40.51,14.0,167.91,35.0,71.98
2132,247046,5.0,40.07,2.0,19.47,21.0,33.83
2133,278054,NA,NA,NA,NA,NA,NA
2134,245288,3.0,24.04,0.0,0.0,14.0,22.55
2135,289952,4.0,40.51,3.0,35.98,9.0,18.51
2136,200238,8.0,64.1,6.0,58.42,98.0,157.86
2137,280132,3.0,30.38,1.0,11.99,32.0,65.81
2138,278065,0.0,0.0,0.0,0.0,41.0,84.33
2139,273970,2.0,20.25,3.0,35.98,21.0,43.19
2140,245302,17.0,136.22,10.0,97.37,64.0,103.09
2141,286267,10.0,101.26,21.0,251.86,87.0,178.93
2142,269884,5.0,40.07,7.0,68.16,31.0,49.93
2143,273981,0.0,0.0,0.0,0.0,2.0,4.11
2144,290741,21.0,168.27,34.0,331.04,122.0,196.52
2145,299447,NA,NA,NA,NA,NA,NA
2146,208452,16.0,128.21,3.0,29.21,143.0,230.34
2147,298565,1.0,10.13,13.0,155.92,24.0,49.36
2148,290375,NA,NA,NA,NA,NA,NA
2149,273992,NA,NA,NA,NA,NA,NA
2150,296227,1.0,8.01,0.0,0.0,9.0,14.5
2151,220751,15.0,120.2,10.0,97.37,33.0,53.16
2152,298576,13.0,131.64,9.0,107.94,29.0,59.64
2153,278098,2.0,16.03,2.0,19.47,20.0,32.22
2154,299292,1.0,10.13,2.0,23.99,7.0,14.4
2155,299228,9.0,110.91,2.0,34.46,21.0,53.77
2156,288014,10.0,80.13,3.0,29.21,23.0,37.05
2157,247263,2.0,16.03,4.0,38.95,7.0,11.28
2158,254564,5.0,40.07,2.0,19.47,20.0,32.22
2159,285162,NA,NA,NA,NA,NA,NA
2160,290397,0.0,0.0,0.0,0.0,2.0,3.22
2161,269918,1.0,10.13,2.0,23.99,40.0,82.27
2162,282207,10.0,80.13,12.0,116.84,15.0,24.16
2163,269920,8.0,81.01,12.0,143.92,69.0,141.91
2164,257633,15.0,120.2,16.0,155.78,26.0,41.88
2165,237155,23.0,184.3,19.0,184.99,32.0,51.55
2166,225894,2.0,16.03,6.0,58.42,23.0,37.05
2167,294505,7.0,56.09,18.0,175.26,26.0,41.88
2168,269931,0.0,0.0,0.0,0.0,23.0,37.05
2169,3693,80.0,138.73,50.0,78.53,199.0,92.13
2170,299374,8.0,95.19,6.0,112.43,29.0,86.97
2171,299207,2.0,24.65,0.0,0.0,3.0,7.68
2172,299229,NA,NA,NA,NA,NA,NA
2173,234771,NA,NA,NA,NA,NA,NA
2174,294846,24.0,295.76,65.0,1120.06,143.0,366.13
2175,269942,6.0,48.08,11.0,107.1,75.0,120.81
2176,257655,28.0,224.37,9.0,87.63,78.0,125.64
2177,3705,76.0,213.48,63.0,233.33,413.0,239.56
2178,241274,0.0,0.0,0.0,0.0,4.0,6.44
2179,290364,44.0,352.57,22.0,214.2,142.0,228.73
2180,269953,4.0,32.05,3.0,29.21,20.0,32.22
2181,257666,13.0,104.17,9.0,87.63,63.0,101.48
2182,274051,NA,NA,NA,NA,NA,NA
2183,237188,18.0,88.66,49.0,280.78,334.0,308.49
2184,299366,0.0,0.0,8.0,149.91,25.0,74.97
2185,281226,0.0,0.0,4.0,38.95,22.0,35.44
2186,298634,31.0,313.92,4.0,47.97,55.0,113.12
2187,290444,27.0,216.35,5.0,48.68,53.0,85.37
2188,274062,54.0,546.82,68.0,815.56,344.0,707.51
2189,299230,2.0,24.65,0.0,0.0,8.0,20.48
2190,253891,8.0,64.1,1.0,9.74,62.0,99.87
2191,298645,10.0,101.26,4.0,47.97,39.0,80.21
2192,288025,20.0,246.46,6.0,103.39,16.0,40.97
2193,261785,2.0,16.03,6.0,58.42,8.0,12.89
2194,237213,39.0,312.51,9.0,87.63,139.0,223.9
2195,298656,0.0,0.0,5.0,59.97,4.0,8.23
2196,293455,2.0,16.03,4.0,38.95,36.0,57.99
2197,278178,1.0,8.01,6.0,58.42,12.0,19.33
2198,261796,1.0,8.01,0.0,0.0,10.0,16.11
2199,245415,4.0,32.05,7.0,68.16,6.0,9.66
2200,233130,38.0,384.8,1.0,11.99,70.0,143.97
2201,276423,1.0,12.32,18.0,310.17,119.0,304.68
2202,204460,79.0,633.03,51.0,496.56,318.0,512.23
2203,294573,NA,NA,NA,NA,NA,NA
2204,299231,4.0,49.29,0.0,0.0,6.0,15.36
2205,290502,0.0,0.0,0.0,0.0,7.0,14.4
2206,261810,2.0,16.03,7.0,68.16,14.0,22.55
2207,247070,0.0,0.0,4.0,38.95,48.0,77.32
2208,284501,2.0,24.65,4.0,68.93,48.0,122.9
2209,294857,36.0,364.55,9.0,107.94,47.0,96.67
2210,290488,4.0,40.51,3.0,35.98,15.0,30.85
2211,282297,49.0,392.64,55.0,535.51,338.0,544.45
2212,290490,4.0,49.29,2.0,34.46,6.0,15.36
2213,274107,21.0,168.27,35.0,340.78,86.0,138.53
2214,245437,0.0,0.0,0.0,0.0,13.0,26.74
2215,237246,33.0,264.43,10.0,97.37,100.0,161.08
2216,264821,5.0,40.07,15.0,146.05,66.0,106.31
2217,299320,15.0,184.85,12.0,206.78,35.0,89.61
2218,294595,67.0,536.87,11.0,107.1,126.0,202.96
2219,278214,NA,NA,NA,NA,NA,NA
2220,257735,0.0,0.0,1.0,9.74,6.0,9.66
2221,274120,NA,NA,NA,NA,NA,NA
2222,253641,45.0,360.59,18.0,175.26,94.0,151.41
2223,229066,NA,NA,NA,NA,NA,NA
2224,294607,0.0,0.0,0.0,0.0,9.0,23.04
2225,278225,2.0,20.25,0.0,0.0,23.0,47.3
2226,274131,13.0,131.64,52.0,623.66,107.0,220.07
2227,253652,0.0,0.0,3.0,29.21,34.0,54.77
2228,229077,14.0,112.18,49.0,477.09,108.0,173.97
2229,220886,5.0,40.07,5.0,48.68,37.0,59.6
2230,262777,18.0,144.23,5.0,48.68,100.0,161.08
2231,299096,20.0,60.44,35.0,107.24,194.0,147.68
2232,279844,NA,NA,NA,NA,NA,NA
2233,294618,14.0,112.18,27.0,262.89,155.0,249.67
2234,290524,3.0,30.38,2.0,23.99,8.0,16.45
2235,274142,1.0,10.13,1.0,11.99,5.0,10.28
2236,229088,30.0,240.39,19.0,184.99,192.0,309.27
2237,220897,5.0,40.07,4.0,38.95,31.0,49.93
2238,229090,11.0,54.18,16.0,91.68,74.0,68.35
2239,216803,2.0,16.03,0.0,0.0,6.0,9.66
2240,220900,2.0,16.03,11.0,107.1,56.0,90.2
2241,298725,28.0,345.05,6.0,103.39,47.0,120.34
2242,290535,14.0,141.77,2.0,23.99,78.0,160.42
2243,257768,NA,NA,NA,NA,NA,NA
2244,249577,4.0,19.7,3.0,17.19,19.0,17.55
2245,245483,5.0,40.07,9.0,87.63,22.0,35.44
2246,3820,NA,NA,NA,NA,NA,NA
2247,229102,17.0,83.73,38.0,217.74,202.0,186.57
2248,298736,4.0,15.7,0.0,0.0,7.0,5.42
2249,278258,2.0,16.03,2.0,19.47,10.0,16.11
2250,255955,0.0,0.0,0.0,0.0,1.0,1.61
2251,274164,NA,NA,NA,NA,NA,NA
2252,245494,0.0,0.0,0.0,0.0,12.0,19.33
2253,3831,54.0,93.64,74.0,116.23,155.0,71.76
2254,216825,11.0,43.17,27.0,130.76,69.0,53.46
2255,220922,2.0,16.03,8.0,77.89,45.0,72.49
2256,298747,39.0,480.61,17.0,292.94,67.0,171.54
2257,294653,NA,NA,NA,NA,NA,NA
2258,286462,34.0,272.44,11.0,107.1,114.0,183.63
2259,274175,NA,NA,NA,NA,NA,NA
2260,257792,37.0,296.48,3.0,29.21,59.0,95.04
2261,264832,1.0,8.01,4.0,38.95,8.0,12.89
2262,245506,6.0,48.08,14.0,136.31,62.0,99.87
2263,216836,38.0,187.16,11.0,63.03,115.0,106.21
2264,220933,6.0,48.08,6.0,58.42,167.0,269.0
2265,298758,0.0,0.0,1.0,17.23,0.0,0.0
2266,294664,5.0,40.07,11.0,107.1,63.0,101.48
2267,286473,20.0,202.53,10.0,119.93,78.0,160.42
2268,274186,0.0,0.0,0.0,0.0,5.0,10.28
2269,253708,71.0,718.97,20.0,239.87,295.0,606.73
2270,240258,3.0,24.04,0.0,0.0,23.0,37.05
2271,216847,0.0,0.0,10.0,97.37,48.0,77.32
2272,208656,39.0,312.51,12.0,116.84,82.0,132.08
2273,294675,22.0,176.29,9.0,87.63,32.0,51.55
2274,274197,2.0,20.25,7.0,83.95,43.0,88.44
2275,245528,11.0,88.14,2.0,19.47,18.0,28.99
2276,216858,14.0,112.18,45.0,438.14,195.0,314.1
2277,288047,13.0,160.2,3.0,51.69,64.0,163.86
2278,216860,6.0,23.55,1.0,4.84,16.0,12.4
2279,294686,3.0,30.38,1.0,11.99,13.0,26.74
2280,286495,10.0,80.13,3.0,29.21,60.0,96.65
2281,278305,3.0,24.04,2.0,19.47,36.0,57.99
2282,266018,14.0,112.18,23.0,223.94,65.0,104.7
2283,274211,6.0,60.76,3.0,35.98,49.0,100.78
2284,266020,9.0,72.12,8.0,77.89,14.0,22.55
2285,245541,26.0,208.34,40.0,389.46,133.0,214.23
2286,208678,49.0,392.64,20.0,194.73,96.0,154.64
2287,208680,4.0,32.05,0.0,0.0,27.0,43.49
2288,286507,6.0,48.08,4.0,38.95,37.0,59.6
2289,278316,19.0,152.25,34.0,331.04,31.0,49.93
2290,249646,41.0,328.53,9.0,87.63,45.0,72.49
2291,229168,4.0,40.51,2.0,23.99,20.0,41.13
2292,254600,19.0,152.25,22.0,214.2,122.0,196.52
2293,299405,20.0,237.99,1.0,18.74,52.0,155.94
2294,290331,0.0,0.0,1.0,9.74,24.0,38.66
2295,286518,31.0,248.4,13.0,126.58,150.0,241.62
2296,249657,46.0,368.6,11.0,107.1,129.0,207.79
2297,216893,5.0,40.07,4.0,38.95,13.0,20.94
2298,249453,NA,NA,NA,NA,NA,NA
2299,298816,8.0,98.59,0.0,0.0,12.0,30.72
2300,260064,15.0,120.2,7.0,68.16,63.0,101.48
2301,278338,1.0,8.01,5.0,48.68,16.0,25.77
2302,286531,6.0,48.08,7.0,68.16,22.0,35.44
2303,274244,137.0,1387.3,121.0,1451.21,342.0,703.4
2304,273718,3.0,30.38,1.0,11.99,6.0,12.34
2305,290785,5.0,50.63,6.0,71.96,47.0,96.67
2306,216905,6.0,48.08,6.0,58.42,73.0,117.59
2307,290103,23.0,232.9,28.0,335.82,93.0,191.27
2308,286690,15.0,184.85,7.0,120.62,93.0,238.11
2309,278351,2.0,16.03,1.0,9.74,12.0,19.33
2310,245585,2.0,16.03,1.0,9.74,24.0,38.66
2311,233301,90.0,353.2,40.0,193.72,356.0,275.81
2312,292417,2.0,20.25,1.0,11.99,10.0,20.57
2313,294744,50.0,196.22,54.0,261.52,222.0,171.99
2314,290650,41.0,160.9,20.0,96.86,280.0,216.93
2315,275087,43.0,344.56,7.0,68.16,102.0,164.3
2316,237406,NA,NA,NA,NA,NA,NA
2317,233312,12.0,96.16,16.0,155.78,57.0,91.81
2318,294755,NA,NA,NA,NA,NA,NA
2319,296934,55.0,270.89,39.0,223.48,281.0,259.53
2320,245608,29.0,232.38,19.0,184.99,225.0,362.43
2321,216938,0.0,0.0,0.0,0.0,7.0,11.28
2322,288743,32.0,394.34,31.0,534.18,282.0,722.01
2323,216940,22.0,176.29,0.0,0.0,44.0,70.87
2324,278384,NA,NA,NA,NA,NA,NA
2325,292840,16.0,190.39,10.0,187.39,68.0,203.92
2326,274290,2.0,9.85,7.0,40.11,50.0,46.18
2327,254611,1.0,8.01,1.0,9.74,5.0,8.05
2328,245621,15.0,151.89,11.0,131.93,44.0,90.5
2329,259275,9.0,72.12,12.0,116.84,109.0,175.58
2330,216951,0.0,0.0,0.0,0.0,14.0,22.55
2331,297620,68.0,266.86,18.0,87.17,271.0,209.96
2332,286586,4.0,32.05,3.0,29.21,44.0,70.87
2333,278395,3.0,24.04,25.0,243.41,84.0,135.31
2334,257917,9.0,72.12,1.0,9.74,28.0,45.1
2335,274302,41.0,328.53,12.0,116.84,166.0,267.39
2336,285333,1.0,10.13,2.0,23.99,3.0,6.17
2337,245632,2.0,20.25,2.0,23.99,7.0,14.4
2338,234816,29.0,113.81,30.0,145.29,137.0,106.14
2339,225154,9.0,72.12,7.0,68.16,56.0,90.2
2340,286597,NA,NA,NA,NA,NA,NA
2341,290694,1.0,8.01,9.0,87.63,32.0,51.55
2342,278407,2.0,16.03,13.0,126.58,29.0,46.71
2343,257928,3.0,24.04,1.0,9.74,8.0,12.89
2344,274313,16.0,128.21,1.0,9.74,61.0,98.26
2345,290114,2.0,20.25,5.0,59.97,51.0,104.89
2346,298896,13.0,131.64,5.0,59.97,107.0,220.07
2347,290706,8.0,98.59,1.0,17.23,46.0,117.78
2348,286611,4.0,49.29,1.0,17.23,10.0,25.6
2349,278420,16.0,128.21,18.0,175.26,80.0,128.86
2350,216984,16.0,128.21,8.0,77.89,43.0,69.26
2351,298907,3.0,36.97,5.0,86.16,43.0,110.09
2352,290717,NA,NA,NA,NA,NA,NA
2353,245665,NA,NA,NA,NA,NA,NA
2354,262050,15.0,120.2,28.0,272.62,108.0,173.97
2355,298918,8.0,98.59,4.0,68.93,89.0,227.87
2356,290728,NA,NA,NA,NA,NA,NA
2357,286633,0.0,0.0,3.0,51.69,16.0,40.97
2358,290730,6.0,48.08,9.0,87.63,45.0,72.49
2359,262061,5.0,24.63,28.0,160.44,88.0,81.28
2360,262813,3.0,24.04,2.0,19.47,18.0,28.99
2361,294835,19.0,152.25,7.0,68.16,43.0,69.26
2362,286644,11.0,111.39,5.0,59.97,58.0,119.29
2363,254622,11.0,88.14,30.0,292.1,141.0,227.12
2364,282550,39.0,480.61,13.0,224.01,69.0,176.66
2365,299240,NA,NA,NA,NA,NA,NA
2366,293648,1.0,12.32,12.0,206.78,11.0,28.16
2367,286655,2.0,24.65,0.0,0.0,10.0,25.6
2368,278464,6.0,73.94,0.0,0.0,40.0,102.41
2369,282561,12.0,96.16,12.0,116.84,42.0,67.65
2370,298714,15.0,184.85,12.0,206.78,50.0,128.02
2371,262083,71.0,349.7,38.0,217.74,219.0,202.27
2372,286028,28.0,283.54,17.0,203.89,16.0,32.91
2373,286666,NA,NA,NA,NA,NA,NA
2374,257996,9.0,44.33,7.0,40.11,49.0,45.26
2375,262094,19.0,93.58,30.0,171.9,45.0,41.56
2376,290125,NA,NA,NA,NA,NA,NA
2377,258000,12.0,96.16,2.0,19.47,69.0,111.14
2378,295587,7.0,56.09,1.0,9.74,6.0,9.66
2379,294868,8.0,98.59,3.0,51.69,28.0,71.69
2380,286677,1.0,10.13,4.0,47.97,17.0,34.96
2381,294870,11.0,111.39,2.0,23.99,36.0,74.04
2382,287396,0.0,0.0,0.0,0.0,8.0,7.39
2383,290810,1.0,10.13,5.0,59.97,12.0,24.68
2384,208862,NA,NA,NA,NA,NA,NA
2385,298976,33.0,264.43,62.0,603.67,308.0,496.12
2386,257360,8.0,64.1,39.0,379.73,55.0,88.59
2387,282594,3.0,36.97,4.0,68.93,21.0,53.77
2388,296160,13.0,104.17,1.0,9.74,104.0,167.52
2389,225256,7.0,56.09,1.0,9.74,29.0,46.71
2390,290796,29.0,357.37,10.0,172.32,156.0,399.41
2391,286702,1.0,12.32,0.0,0.0,5.0,12.8
2392,250550,NA,NA,NA,NA,NA,NA
2393,262128,0.0,0.0,0.0,0.0,6.0,9.66
2394,225267,2.0,16.03,0.0,0.0,20.0,32.22
2395,290240,26.0,128.06,15.0,85.95,90.0,83.12
2396,292862,5.0,59.5,2.0,37.48,8.0,23.99
2397,278522,16.0,128.21,13.0,126.58,67.0,107.92
2398,262141,11.0,88.14,34.0,331.04,91.0,146.58
