,id,isTarget
0,3306,NA
1,3523,NA
2,3556,NA
3,3580,NA
4,3591,NA
5,3603,NA
6,3693,NA
7,3705,NA
8,3716,NA
9,3820,NA
10,3831,NA
11,200238,NA
12,201130,NA
13,201196,NA
14,201208,NA
15,201380,False
16,201447,False
17,201868,NA
18,201904,NA
19,202188,NA
20,202270,NA
21,202281,NA
22,202292,NA
23,202406,NA
24,202508,NA
25,202576,NA
26,202587,NA
27,202598,NA
28,202931,False
29,203012,NA
30,203023,False
31,203034,NA
32,203158,NA
33,203295,NA
34,203307,NA
35,203318,NA
36,203320,NA
37,203694,NA
38,203808,False
39,203821,False
40,203843,NA
41,203945,False
42,203956,False
43,203967,False
44,203980,NA
45,203991,NA
46,204004,NA
47,204015,NA
48,204026,NA
49,204130,NA
50,204141,NA
51,204152,NA
52,204163,NA
53,204174,NA
54,204460,NA
55,204926,False
56,205166,NA
57,205326,NA
58,205428,NA
59,205441,NA
60,205452,NA
61,205463,False
62,205508,NA
63,205714,NA
64,205851,NA
65,205862,NA
66,206067,NA
67,206136,NA
68,206158,NA
69,206182,NA
70,206193,NA
71,206205,NA
72,206216,NA
73,206284,NA
74,206318,NA
75,206331,False
76,206342,NA
77,206353,False
78,206364,NA
79,206386,NA
80,206397,NA
81,206411,NA
82,207130,False
83,207141,NA
84,207152,NA
85,207174,NA
86,207185,NA
87,207221,NA
88,207232,NA
89,207458,NA
90,207482,NA
91,207733,NA
92,207744,NA
93,207802,NA
94,207824,False
95,207835,NA
96,207846,NA
97,207868,NA
98,207870,NA
99,207881,NA
100,207892,False
101,207948,NA
102,207950,NA
103,207961,NA
104,207983,NA
105,207994,NA
106,208007,NA
107,208018,False
108,208020,NA
109,208031,False
110,208042,NA
111,208053,False
112,208075,NA
113,208452,NA
114,208463,NA
115,208645,NA
116,208656,NA
117,208678,False
118,208680,NA
119,208862,NA
120,208964,NA
121,209125,NA
122,209238,NA
123,209240,NA
124,209262,NA
125,209273,NA
126,209284,NA
127,209295,NA
128,209307,NA
129,209331,NA
130,209342,NA
131,209353,NA
132,209898,NA
133,209912,NA
134,209980,NA
135,210038,False
136,210131,NA
137,210186,NA
138,210211,NA
139,210222,NA
140,210233,NA
141,210415,False
142,210461,NA
143,210483,False
144,210506,NA
145,210517,False
146,210528,NA
147,210530,NA
148,210541,NA
149,210552,NA
150,210563,NA
151,211065,NA
152,211076,NA
153,211203,NA
154,211260,NA
155,211271,NA
156,211475,NA
157,211943,NA
158,211965,NA
159,211976,NA
160,212070,NA
161,213016,NA
162,213040,NA
163,213062,NA
164,213084,NA
165,213107,NA
166,213118,NA
167,213120,NA
168,213131,NA
169,213142,NA
170,213153,NA
171,213175,NA
172,213186,NA
173,213197,NA
174,213211,NA
175,213233,NA
176,213461,False
177,213528,NA
178,213585,NA
179,215115,NA
180,215137,NA
181,215217,NA
182,215228,NA
183,215274,NA
184,215285,NA
185,215536,NA
186,215627,NA
187,215638,NA
188,215662,NA
189,215673,NA
190,215844,NA
191,215924,NA
192,216027,False
193,216038,NA
194,216040,NA
195,216073,NA
196,216313,NA
197,216368,False
198,216370,NA
199,216381,NA
200,216803,False
201,216814,NA
202,216825,NA
203,216836,NA
204,216847,NA
205,216858,NA
206,216860,NA
207,216893,NA
208,216905,NA
209,216938,NA
210,216940,NA
211,216951,NA
212,216962,NA
213,216984,True
214,217316,NA
215,217338,NA
216,217577,NA
217,217588,NA
218,217635,NA
219,217704,NA
220,217715,NA
221,218183,NA
222,218387,NA
223,218401,NA
224,218478,NA
225,218720,NA
226,218731,NA
227,218742,NA
228,218753,NA
229,218764,NA
230,218775,NA
231,218786,NA
232,218811,False
233,218844,False
234,218855,NA
235,219073,True
236,219084,False
237,219095,NA
238,219107,NA
239,219118,NA
240,219131,True
241,219621,NA
242,219701,NA
243,219712,NA
244,219723,NA
245,219734,False
246,219745,NA
247,219767,NA
248,219778,NA
249,219780,True
250,219791,True
251,219814,True
252,219825,NA
253,219836,NA
254,219847,NA
255,220135,NA
256,220146,NA
257,220283,NA
258,220751,NA
259,220886,NA
260,220897,NA
261,220900,NA
262,220922,NA
263,220933,NA
264,221253,NA
265,221457,NA
266,221470,False
267,221481,NA
268,221492,NA
269,221504,NA
270,221515,False
271,221526,NA
272,222336,NA
273,222405,NA
274,222416,NA
275,222427,NA
276,222440,NA
277,222815,False
278,222826,NA
279,223250,NA
280,223330,NA
281,223352,NA
282,223363,False
283,223396,NA
284,223818,NA
285,223820,NA
286,223831,NA
287,223853,NA
288,223875,NA
289,224297,NA
290,224390,NA
291,224402,NA
292,224468,True
293,225154,NA
294,225256,NA
295,225267,NA
296,225416,NA
297,225644,NA
298,225872,NA
299,225894,NA
300,225906,NA
301,225917,NA
302,225928,NA
303,225930,True
304,225941,NA
305,225952,NA
306,225963,NA
307,225974,NA
308,225996,NA
309,226033,NA
310,226784,NA
311,226818,NA
312,227105,NA
313,227116,NA
314,227127,NA
315,227138,NA
316,227162,True
317,227173,True
318,227184,True
319,227207,NA
320,227218,NA
321,227652,NA
322,227674,NA
323,227696,NA
324,227708,NA
325,227710,NA
326,227732,True
327,227754,NA
328,227765,NA
329,227787,NA
330,227834,NA
331,228278,NA
332,228280,NA
333,228303,False
334,228314,NA
335,228325,NA
336,228336,NA
337,228347,NA
338,228358,NA
339,228416,NA
340,229066,NA
341,229077,False
342,229088,NA
343,229090,NA
344,229102,NA
345,229146,NA
346,229168,NA
347,229625,False
348,229636,NA
349,229660,NA
350,229671,NA
351,229682,NA
352,229693,NA
353,229705,NA
354,229716,NA
355,229727,NA
356,229738,NA
357,229740,True
358,229751,False
359,229762,NA
360,229784,NA
361,229795,NA
362,229818,True
363,229820,NA
364,229831,True
365,230152,False
366,230276,NA
367,230527,NA
368,230870,NA
369,230881,NA
370,230892,NA
371,231292,NA
372,231337,NA
373,231587,NA
374,231598,NA
375,231645,True
376,231725,NA
377,232182,NA
378,232193,NA
379,232205,NA
380,232227,NA
381,232238,NA
382,232240,NA
383,232502,NA
384,232557,NA
385,233130,NA
386,233301,NA
387,233312,NA
388,233631,NA
389,233711,NA
390,233733,NA
391,233835,NA
392,233857,NA
393,234007,NA
394,234111,NA
395,234257,NA
396,234532,NA
397,234543,NA
398,234576,NA
399,234587,NA
400,234598,NA
401,234612,False
402,234634,NA
403,234656,NA
404,234667,NA
405,234678,NA
406,234680,False
407,234691,NA
408,234725,NA
409,234736,NA
410,234747,NA
411,234758,NA
412,234760,NA
413,234771,NA
414,234782,NA
415,234793,NA
416,234805,NA
417,234816,NA
418,234827,NA
419,234840,NA
420,234884,False
421,234907,NA
422,234918,NA
423,234931,NA
424,234942,NA
425,234975,NA
426,234986,True
427,236482,NA
428,236540,NA
429,236551,NA
430,236562,True
431,236755,NA
432,236766,NA
433,236788,NA
434,237155,NA
435,237188,NA
436,237213,NA
437,237246,NA
438,237406,NA
439,237441,NA
440,237474,NA
441,237485,NA
442,237703,NA
443,237714,True
444,237725,NA
445,237931,NA
446,237942,NA
447,237964,NA
448,237975,NA
449,237986,NA
450,237997,NA
451,238012,NA
452,238023,NA
453,238672,NA
454,238956,NA
455,239117,NA
456,239128,NA
457,239312,True
458,239323,NA
459,239334,NA
460,239345,NA
461,239356,NA
462,239367,NA
463,239378,NA
464,239380,NA
465,239403,NA
466,239835,NA
467,239846,NA
468,239870,NA
469,239881,NA
470,239892,True
471,239904,NA
472,239915,True
473,239926,NA
474,239948,NA
475,239950,NA
476,239972,NA
477,240258,NA
478,240327,NA
479,240555,NA
480,240566,NA
481,240577,NA
482,240590,NA
483,240794,NA
484,240806,NA
485,240874,NA
486,240896,NA
487,240910,NA
488,240976,NA
489,240987,NA
490,241002,False
491,241274,NA
492,241800,NA
493,241811,NA
494,241924,NA
495,241935,NA
496,241946,NA
497,241957,False
498,241970,False
499,241981,NA
500,241992,NA
501,242370,NA
502,242392,True
503,242437,NA
504,242448,NA
505,242450,NA
506,242461,NA
507,242472,NA
508,242483,NA
509,242506,NA
510,242517,NA
511,242528,NA
512,242541,True
513,242552,NA
514,242563,NA
515,242574,NA
516,242654,NA
517,242665,NA
518,242676,True
519,242687,NA
520,242698,NA
521,242701,NA
522,243087,True
523,243098,NA
524,243167,NA
525,243178,NA
526,243191,NA
527,243225,False
528,243236,False
529,243258,True
530,243260,NA
531,243282,NA
532,243305,NA
533,243316,NA
534,243327,NA
535,243338,True
536,243362,NA
537,243373,NA
538,243384,NA
539,243932,NA
540,243943,NA
541,243954,NA
542,243976,NA
543,243998,NA
544,244002,NA
545,244024,True
546,244401,NA
547,244412,False
548,244423,NA
549,244434,NA
550,244445,NA
551,244456,NA
552,244467,NA
553,244935,NA
554,245005,True
555,245095,NA
556,245186,True
557,245197,NA
558,245200,NA
559,245211,NA
560,245288,NA
561,245302,NA
562,245415,NA
563,245426,True
564,245437,NA
565,245448,NA
566,245461,NA
567,245472,NA
568,245483,NA
569,245494,NA
570,245506,NA
571,245517,True
572,245528,NA
573,245541,True
574,245552,NA
575,245585,NA
576,245608,NA
577,245621,NA
578,245632,NA
579,245665,NA
580,246065,NA
581,246260,True
582,246293,NA
583,246305,True
584,246316,NA
585,246327,NA
586,246338,NA
587,246340,NA
588,246351,NA
589,246362,True
590,246384,NA
591,246395,NA
592,246418,True
593,246761,NA
594,246783,NA
595,246806,NA
596,246965,NA
597,246987,NA
598,246998,NA
599,247002,True
600,247013,NA
601,247024,NA
602,247046,NA
603,247057,True
604,247068,True
605,247070,NA
606,247081,True
607,247092,NA
608,247104,True
609,247115,NA
610,247126,NA
611,247137,False
612,247148,NA
613,247150,NA
614,247217,False
615,247228,True
616,247241,NA
617,247263,NA
618,247560,NA
619,247616,False
620,247946,NA
621,247957,NA
622,248038,NA
623,248051,False
624,248073,NA
625,248084,NA
626,248095,NA
627,248107,NA
628,248118,NA
629,248120,NA
630,248131,NA
631,248142,NA
632,248153,NA
633,248164,NA
634,248175,NA
635,248437,False
636,248448,NA
637,248461,NA
638,248654,NA
639,248676,NA
640,248687,NA
641,248698,True
642,248701,NA
643,248723,NA
644,248734,NA
645,248745,NA
646,248767,NA
647,249178,NA
648,249327,NA
649,249453,NA
650,249475,NA
651,249566,NA
652,249577,NA
653,249590,NA
654,249624,False
655,249646,NA
656,249657,NA
657,249896,NA
658,249908,False
659,249910,NA
660,249921,NA
661,249943,NA
662,249954,NA
663,249976,NA
664,250025,NA
665,250036,NA
666,250047,NA
667,250093,NA
668,250333,NA
669,250377,NA
670,250388,NA
671,250390,NA
672,250402,NA
673,250413,False
674,250424,NA
675,250435,NA
676,250446,NA
677,250457,NA
678,250468,NA
679,250470,NA
680,250481,NA
681,250492,NA
682,250504,True
683,250515,NA
684,250526,NA
685,250537,NA
686,250550,NA
687,250561,NA
688,250606,NA
689,250628,False
690,250903,NA
691,250914,NA
692,250925,NA
693,250947,True
694,250958,True
695,251096,NA
696,251314,NA
697,251325,False
698,251358,False
699,251382,NA
700,251393,NA
701,251405,NA
702,251416,NA
703,251427,NA
704,251438,NA
705,251531,NA
706,251542,False
707,251553,NA
708,251597,NA
709,251600,NA
710,251611,NA
711,251622,NA
712,251644,NA
713,251655,NA
714,251666,NA
715,251677,NA
716,251702,NA
717,251713,NA
718,251724,NA
719,251735,NA
720,251746,NA
721,251768,NA
722,251770,NA
723,252146,NA
724,252168,False
725,252170,NA
726,253641,NA
727,253652,NA
728,253708,NA
729,253732,True
730,253891,True
731,254052,NA
732,254267,NA
733,254314,False
734,254382,NA
735,254438,NA
736,254462,NA
737,254473,NA
738,254484,NA
739,254495,NA
740,254507,NA
741,254518,NA
742,254520,NA
743,254531,NA
744,254542,NA
745,254564,NA
746,254586,NA
747,254600,NA
748,254611,NA
749,254622,NA
750,254757,NA
751,254768,True
752,254770,True
753,254792,NA
754,254837,NA
755,255022,NA
756,255113,NA
757,255124,True
758,255146,NA
759,255157,NA
760,255170,NA
761,255192,NA
762,255261,NA
763,255421,NA
764,255556,NA
765,255603,NA
766,255614,NA
767,255625,NA
768,255647,NA
769,255693,NA
770,255716,NA
771,255727,NA
772,255738,NA
773,255831,NA
774,255922,NA
775,255933,NA
776,255944,NA
777,255955,NA
778,256036,True
779,256058,NA
780,256060,NA
781,256071,NA
782,256082,True
783,256127,NA
784,256138,True
785,256140,NA
786,256151,NA
787,256162,True
788,256173,NA
789,256195,NA
790,256333,True
791,256366,NA
792,256377,NA
793,256413,NA
794,256435,True
795,256548,True
796,256594,NA
797,256630,False
798,256685,NA
799,256776,NA
800,256812,NA
801,256878,NA
802,256880,NA
803,256903,NA
804,256914,NA
805,256960,NA
806,257074,NA
807,257085,NA
808,257108,True
809,257267,NA
810,257347,NA
811,257360,NA
812,257382,NA
813,257393,True
814,257462,NA
815,257597,NA
816,257633,NA
817,257655,NA
818,257666,True
819,257735,NA
820,257768,False
821,257792,NA
822,257804,NA
823,257917,True
824,257928,NA
825,257996,NA
826,258000,True
827,258077,NA
828,258124,NA
829,258157,NA
830,258204,NA
831,258215,NA
832,258294,NA
833,258385,NA
834,258408,NA
835,258534,NA
836,258580,NA
837,258591,NA
838,258603,NA
839,258636,NA
840,258807,NA
841,258820,NA
842,258831,NA
843,258842,True
844,258853,True
845,258864,True
846,258875,True
847,258886,NA
848,258911,True
849,258944,NA
850,258988,NA
851,259140,NA
852,259253,NA
853,259275,True
854,259344,NA
855,259435,NA
856,259468,NA
857,259481,NA
858,259685,NA
859,259696,False
860,259823,NA
861,259834,True
862,259856,NA
863,259925,NA
864,259982,NA
865,260020,NA
866,260064,NA
867,260133,NA
868,260144,NA
869,260177,NA
870,260190,NA
871,260202,NA
872,260213,True
873,260224,True
874,260235,True
875,260257,True
876,260268,NA
877,260326,NA
878,260361,NA
879,260394,NA
880,260406,NA
881,260428,False
882,260441,NA
883,260452,True
884,260667,NA
885,260736,NA
886,260747,NA
887,260793,NA
888,260816,NA
889,260862,NA
890,260884,NA
891,260907,NA
892,260918,NA
893,260920,NA
894,260953,NA
895,260975,NA
896,261012,NA
897,261056,False
898,261227,NA
899,261240,NA
900,261320,NA
901,261433,NA
902,261502,NA
903,261568,NA
904,261581,NA
905,261785,NA
906,261796,NA
907,261810,NA
908,262050,NA
909,262061,NA
910,262083,NA
911,262094,NA
912,262128,NA
913,262141,NA
914,262163,True
915,262196,NA
916,262208,NA
917,262210,NA
918,262232,NA
919,262287,True
920,262301,True
921,262312,True
922,262323,True
923,262334,True
924,262380,NA
925,262403,NA
926,262436,NA
927,262447,NA
928,262482,NA
929,262551,NA
930,262562,True
931,262573,NA
932,262653,True
933,262664,NA
934,262675,NA
935,262697,NA
936,262733,NA
937,262744,True
938,262777,NA
939,262813,True
940,262846,NA
941,262857,NA
942,262868,NA
943,262892,NA
944,262915,NA
945,262926,True
946,263417,NA
947,263485,True
948,263554,NA
949,263680,True
950,263827,True
951,263862,NA
952,263895,NA
953,263986,True
954,264034,NA
955,264080,NA
956,264103,True
957,264147,NA
958,264160,NA
959,264171,NA
960,264251,NA
961,264273,NA
962,264295,True
963,264466,NA
964,264650,NA
965,264694,True
966,264717,NA
967,264730,True
968,264741,NA
969,264752,NA
970,264763,NA
971,264774,NA
972,264808,NA
973,264810,NA
974,264821,True
975,264832,NA
976,264956,NA
977,265048,True
978,265128,False
979,265334,NA
980,265391,NA
981,265458,NA
982,265482,NA
983,265631,NA
984,265686,NA
985,265697,True
986,265711,NA
987,265733,NA
988,265972,NA
989,265994,NA
990,266018,NA
991,266020,NA
992,266326,True
993,266337,NA
994,266361,True
995,266394,True
996,266417,True
997,266430,NA
998,266463,True
999,266543,True
1000,266554,NA
1001,266680,True
1002,266816,NA
1003,266827,True
1004,266838,NA
1005,266862,False
1006,266873,NA
1007,266895,NA
1008,266986,NA
1009,267034,NA
1010,267078,NA
1011,267227,NA
1012,267397,NA
1013,267502,False
1014,267546,NA
1015,267568,NA
1016,267570,NA
1017,267604,NA
1018,267615,False
1019,267626,NA
1020,267637,NA
1021,267650,NA
1022,267672,NA
1023,267796,NA
1024,267808,NA
1025,267810,NA
1026,267843,NA
1027,267945,NA
1028,267967,NA
1029,267978,NA
1030,268061,NA
1031,268595,NA
1032,268618,NA
1033,269111,NA
1034,269257,NA
1035,269394,NA
1036,269417,NA
1037,269441,NA
1038,269452,True
1039,269736,NA
1040,269747,NA
1041,269851,NA
1042,269873,NA
1043,269884,True
1044,269918,NA
1045,269920,NA
1046,269931,True
1047,269942,NA
1048,269953,True
1049,270627,NA
1050,270638,NA
1051,270640,True
1052,270651,NA
1053,270673,NA
1054,270684,NA
1055,270742,NA
1056,270753,True
1057,270775,True
1058,270890,NA
1059,270902,NA
1060,270981,False
1061,270992,False
1062,271016,True
1063,271040,NA
1064,271051,NA
1065,271073,True
1066,271118,True
1067,271120,NA
1068,271131,NA
1069,271142,NA
1070,271153,True
1071,271164,NA
1072,271175,NA
1073,271197,True
1074,271200,NA
1075,271233,NA
1076,271244,NA
1077,271255,NA
1078,271266,NA
1079,271277,NA
1080,271288,NA
1081,271368,True
1082,271563,NA
1083,271610,NA
1084,271665,NA
1085,271734,NA
1086,271780,NA
1087,271860,NA
1088,271927,NA
1089,271938,NA
1090,271940,NA
1091,271951,NA
1092,272008,NA
1093,272010,NA
1094,272021,NA
1095,272054,NA
1096,272065,True
1097,272076,NA
1098,272098,True
1099,272101,True
1100,272134,NA
1101,272145,True
1102,272156,True
1103,272178,NA
1104,272191,NA
1105,272203,NA
1106,272214,NA
1107,272247,NA
1108,272258,NA
1109,272293,True
1110,272316,NA
1111,272327,True
1112,272475,NA
1113,272681,NA
1114,272794,NA
1115,272896,NA
1116,272943,NA
1117,273148,True
1118,273194,NA
1119,273206,NA
1120,273241,NA
1121,273263,NA
1122,273274,NA
1123,273285,NA
1124,273321,NA
1125,273662,False
1126,273695,NA
1127,273718,NA
1128,273797,True
1129,273811,NA
1130,273866,True
1131,273888,True
1132,273913,NA
1133,273946,NA
1134,273970,True
1135,273981,NA
1136,273992,NA
1137,274027,NA
1138,274051,NA
1139,274062,NA
1140,274073,NA
1141,274084,NA
1142,274107,True
1143,274118,NA
1144,274120,NA
1145,274131,NA
1146,274142,NA
1147,274164,NA
1148,274175,NA
1149,274186,NA
1150,274197,NA
1151,274211,NA
1152,274244,NA
1153,274290,NA
1154,274302,NA
1155,274313,NA
1156,274461,NA
1157,274596,NA
1158,274610,NA
1159,274621,NA
1160,274632,NA
1161,274654,NA
1162,274676,NA
1163,274858,NA
1164,274882,NA
1165,274905,NA
1166,274916,NA
1167,274984,NA
1168,275008,NA
1169,275087,NA
1170,275098,NA
1171,275134,NA
1172,275258,True
1173,275260,True
1174,275395,NA
1175,275418,NA
1176,275464,NA
1177,275486,NA
1178,275497,NA
1179,275533,NA
1180,275555,NA
1181,275566,NA
1182,275588,NA
1183,275602,NA
1184,275668,NA
1185,275670,NA
1186,275748,NA
1187,275783,NA
1188,275806,NA
1189,275828,NA
1190,275863,NA
1191,275932,NA
1192,275998,NA
1193,276013,NA
1194,276035,NA
1195,276046,NA
1196,276068,NA
1197,276070,NA
1198,276081,NA
1199,276092,NA
1200,276104,NA
1201,276115,NA
1202,276228,False
1203,276241,NA
1204,276252,NA
1205,276296,True
1206,276332,NA
1207,276376,True
1208,276401,False
1209,276423,NA
1210,276445,NA
1211,276456,NA
1212,276478,NA
1213,276480,NA
1214,276503,True
1215,276514,NA
1216,276525,True
1217,276558,NA
1218,276605,True
1219,276616,True
1220,276627,True
1221,276651,NA
1222,276673,NA
1223,276684,NA
1224,276718,NA
1225,276720,NA
1226,276731,NA
1227,276742,True
1228,276968,True
1229,276992,NA
1230,277040,NA
1231,277051,True
1232,277062,NA
1233,277084,False
1234,277118,NA
1235,277175,NA
1236,277197,NA
1237,277211,NA
1238,277222,NA
1239,277233,NA
1240,277244,NA
1241,277255,NA
1242,277266,NA
1243,277313,NA
1244,277324,True
1245,277335,False
1246,277346,NA
1247,277415,NA
1248,277426,NA
1249,277437,NA
1250,277448,NA
1251,277450,NA
1252,277472,NA
1253,277585,NA
1254,277621,NA
1255,277712,NA
1256,277734,NA
1257,277756,NA
1258,277791,NA
1259,277814,True
1260,277825,NA
1261,277836,NA
1262,277847,NA
1263,277858,NA
1264,277860,True
1265,277882,NA
1266,277905,True
1267,277916,NA
1268,277927,True
1269,277938,NA
1270,277940,True
1271,277962,NA
1272,277984,NA
1273,278008,NA
1274,278043,NA
1275,278054,NA
1276,278065,NA
1277,278098,NA
1278,278145,False
1279,278178,NA
1280,278203,NA
1281,278214,NA
1282,278225,False
1283,278258,True
1284,278260,NA
1285,278305,True
1286,278316,NA
1287,278338,NA
1288,278351,NA
1289,278384,NA
1290,278395,NA
1291,278407,NA
1292,278420,NA
1293,278464,NA
1294,278522,NA
1295,278533,True
1296,278555,NA
1297,278577,NA
1298,278590,NA
1299,278602,NA
1300,278624,True
1301,278646,NA
1302,278772,NA
1303,278806,NA
1304,278910,True
1305,278921,True
1306,278932,NA
1307,278943,NA
1308,279252,False
1309,279263,NA
1310,279296,NA
1311,279332,NA
1312,279365,NA
1313,279376,NA
1314,279401,NA
1315,279456,NA
1316,279467,True
1317,279480,NA
1318,279491,NA
1319,279514,NA
1320,279525,NA
1321,279558,NA
1322,279560,NA
1323,279582,True
1324,279651,NA
1325,279731,NA
1326,279742,NA
1327,279753,False
1328,279786,NA
1329,279797,NA
1330,279811,NA
1331,279822,NA
1332,279833,NA
1333,279844,True
1334,279913,NA
1335,279935,NA
1336,279992,NA
1337,280006,NA
1338,280041,NA
1339,280108,NA
1340,280110,NA
1341,280121,NA
1342,280132,True
1343,280176,NA
1344,280314,NA
1345,280347,True
1346,280393,True
1347,280405,NA
1348,280416,False
1349,280473,NA
1350,280507,NA
1351,280575,NA
1352,280600,True
1353,280622,True
1354,280644,NA
1355,280655,NA
1356,280666,NA
1357,280688,NA
1358,280724,NA
1359,280746,True
1360,280781,NA
1361,280804,NA
1362,280826,True
1363,280848,True
1364,280850,NA
1365,280861,NA
1366,280883,NA
1367,280906,NA
1368,280928,NA
1369,281000,NA
1370,281044,NA
1371,281055,NA
1372,281066,True
1373,281088,NA
1374,281090,True
1375,281102,NA
1376,281181,NA
1377,281226,NA
1378,281237,NA
1379,281261,NA
1380,281272,NA
1381,281454,NA
1382,281534,NA
1383,281545,NA
1384,281580,NA
1385,281658,NA
1386,281671,NA
1387,281682,NA
1388,281818,NA
1389,281831,NA
1390,281886,True
1391,281897,NA
1392,281911,NA
1393,281922,NA
1394,281933,NA
1395,281944,True
1396,281955,True
1397,281966,True
1398,281988,True
1399,282003,NA
1400,282025,NA
1401,282047,NA
1402,282058,NA
1403,282060,True
1404,282071,NA
1405,282082,True
1406,282093,True
1407,282116,NA
1408,282162,True
1409,282207,NA
1410,282297,NA
1411,282550,NA
1412,282561,NA
1413,282594,NA
1414,282628,NA
1415,282674,NA
1416,282685,NA
1417,282708,NA
1418,282721,NA
1419,282732,NA
1420,282743,True
1421,282754,NA
1422,282856,NA
1423,282903,NA
1424,282914,NA
1425,282958,NA
1426,282960,NA
1427,282982,NA
1428,283041,NA
1429,283052,NA
1430,283063,NA
1431,283085,True
1432,283096,NA
1433,283108,True
1434,283110,NA
1435,283121,NA
1436,283132,NA
1437,283143,NA
1438,283198,NA
1439,283201,True
1440,283256,NA
1441,283347,NA
1442,283382,NA
1443,283462,NA
1444,283518,NA
1445,283575,NA
1446,283586,NA
1447,283666,NA
1448,283690,False
1449,283702,NA
1450,283724,NA
1451,283735,NA
1452,283746,NA
1453,283768,NA
1454,283815,NA
1455,283837,NA
1456,283848,NA
1457,283861,NA
1458,284033,NA
1459,284077,True
1460,284146,NA
1461,284168,NA
1462,284204,NA
1463,284215,NA
1464,284250,NA
1465,284328,NA
1466,284341,NA
1467,284352,NA
1468,284363,False
1469,284476,True
1470,284487,NA
1471,284501,NA
1472,284512,True
1473,284523,NA
1474,284567,NA
1475,284603,NA
1476,284705,True
1477,284738,NA
1478,284762,NA
1479,284773,True
1480,284886,NA
1481,284900,NA
1482,284911,NA
1483,284933,True
1484,284944,True
1485,284955,NA
1486,284988,NA
1487,284990,NA
1488,285025,True
1489,285058,NA
1490,285071,NA
1491,285093,NA
1492,285140,NA
1493,285162,True
1494,285184,True
1495,285264,NA
1496,285333,NA
1497,285344,NA
1498,285355,NA
1499,285366,NA
1500,285377,NA
1501,285388,NA
1502,285424,NA
1503,285435,NA
1504,285446,NA
1505,285468,True
1506,285504,NA
1507,285515,NA
1508,285550,NA
1509,285856,NA
1510,285914,NA
1511,285971,NA
1512,285982,NA
1513,286028,NA
1514,286085,NA
1515,286096,NA
1516,286108,NA
1517,286154,NA
1518,286223,True
1519,286267,NA
1520,286462,NA
1521,286473,NA
1522,286495,False
1523,286507,NA
1524,286518,NA
1525,286531,NA
1526,286586,True
1527,286597,NA
1528,286600,NA
1529,286611,NA
1530,286633,NA
1531,286644,NA
1532,286655,NA
1533,286666,NA
1534,286677,True
1535,286690,NA
1536,286702,False
1537,286781,NA
1538,286826,NA
1539,286837,False
1540,286848,NA
1541,286850,True
1542,286883,NA
1543,286894,NA
1544,286941,NA
1545,286952,NA
1546,286963,NA
1547,286974,NA
1548,286985,NA
1549,286996,NA
1550,287022,NA
1551,287102,True
1552,287113,NA
1553,287124,NA
1554,287170,NA
1555,287181,NA
1556,287294,NA
1557,287317,NA
1558,287396,NA
1559,287408,NA
1560,287410,NA
1561,287443,NA
1562,287465,NA
1563,287476,NA
1564,287487,NA
1565,287498,NA
1566,287545,NA
1567,287556,NA
1568,287567,NA
1569,287716,NA
1570,287762,NA
1571,287795,NA
1572,287807,NA
1573,287831,NA
1574,287875,NA
1575,287933,NA
1576,287944,NA
1577,288014,NA
1578,288025,True
1579,288036,NA
1580,288047,NA
1581,288060,NA
1582,288082,False
1583,288093,NA
1584,288116,False
1585,288127,NA
1586,288138,NA
1587,288162,NA
1588,288173,NA
1589,288195,NA
1590,288207,NA
1591,288218,NA
1592,288264,NA
1593,288275,NA
1594,288297,NA
1595,288333,NA
1596,288344,NA
1597,288390,NA
1598,288413,NA
1599,288572,False
1600,288594,NA
1601,288606,NA
1602,288617,NA
1603,288628,NA
1604,288652,NA
1605,288663,NA
1606,288685,True
1607,288696,NA
1608,288708,NA
1609,288721,True
1610,288732,NA
1611,288743,NA
1612,288754,NA
1613,288765,NA
1614,288798,True
1615,288801,NA
1616,288812,NA
1617,288834,NA
1618,288845,NA
1619,288880,NA
1620,288891,NA
1621,288936,True
1622,288958,NA
1623,288971,True
1624,288982,NA
1625,288993,NA
1626,289006,True
1627,289028,NA
1628,289030,False
1629,289041,False
1630,289052,NA
1631,289063,NA
1632,289096,True
1633,289110,NA
1634,289121,NA
1635,289143,NA
1636,289165,NA
1637,289201,NA
1638,289212,NA
1639,289223,NA
1640,289291,True
1641,289303,False
1642,289347,NA
1643,289371,NA
1644,289382,True
1645,289416,NA
1646,289427,True
1647,289440,NA
1648,289451,NA
1649,289462,NA
1650,289473,NA
1651,289495,True
1652,289507,NA
1653,289518,NA
1654,289531,NA
1655,289542,NA
1656,289553,NA
1657,289564,NA
1658,289586,NA
1659,289597,NA
1660,289600,NA
1661,289622,NA
1662,289644,NA
1663,289655,True
1664,289688,True
1665,289690,NA
1666,289713,True
1667,289724,NA
1668,289735,NA
1669,289746,NA
1670,289768,NA
1671,289770,True
1672,289781,NA
1673,289792,NA
1674,289804,NA
1675,289815,NA
1676,289837,NA
1677,289848,NA
1678,289861,NA
1679,289883,NA
1680,289906,NA
1681,289917,NA
1682,289928,NA
1683,289930,True
1684,289941,False
1685,289952,NA
1686,289963,NA
1687,289985,False
1688,289996,NA
1689,290034,NA
1690,290056,NA
1691,290067,True
1692,290078,True
1693,290080,True
1694,290091,NA
1695,290103,NA
1696,290114,NA
1697,290125,NA
1698,290136,NA
1699,290147,NA
1700,290158,NA
1701,290160,True
1702,290171,NA
1703,290182,NA
1704,290193,True
1705,290205,NA
1706,290216,NA
1707,290240,NA
1708,290251,False
1709,290262,True
1710,290273,NA
1711,290284,NA
1712,290295,NA
1713,290307,NA
1714,290320,NA
1715,290331,NA
1716,290342,NA
1717,290364,True
1718,290375,NA
1719,290386,NA
1720,290397,NA
1721,290433,NA
1722,290444,NA
1723,290455,NA
1724,290466,True
1725,290488,NA
1726,290490,NA
1727,290502,NA
1728,290513,NA
1729,290524,True
1730,290535,NA
1731,290546,NA
1732,290570,NA
1733,290604,NA
1734,290650,NA
1735,290694,True
1736,290706,NA
1737,290717,True
1738,290728,NA
1739,290730,NA
1740,290741,True
1741,290752,NA
1742,290785,NA
1743,290796,NA
1744,290810,True
1745,290832,NA
1746,290843,NA
1747,290854,True
1748,290912,NA
1749,290934,NA
1750,290945,NA
1751,291026,NA
1752,291106,NA
1753,291117,NA
1754,291128,NA
1755,291174,True
1756,291185,NA
1757,291196,NA
1758,291208,NA
1759,291221,NA
1760,291232,NA
1761,291254,NA
1762,291265,NA
1763,291276,NA
1764,291287,True
1765,291301,True
1766,291312,NA
1767,291323,NA
1768,291334,NA
1769,291345,NA
1770,291356,NA
1771,291378,NA
1772,291391,NA
1773,291403,NA
1774,291904,NA
1775,291937,NA
1776,291950,NA
1777,291961,NA
1778,291972,True
1779,292018,NA
1780,292020,True
1781,292031,NA
1782,292042,NA
1783,292064,NA
1784,292075,NA
1785,292086,NA
1786,292097,NA
1787,292100,True
1788,292111,NA
1789,292133,NA
1790,292144,NA
1791,292155,False
1792,292166,True
1793,292177,NA
1794,292188,NA
1795,292190,NA
1796,292202,NA
1797,292224,NA
1798,292235,True
1799,292246,NA
1800,292268,NA
1801,292270,NA
1802,292281,NA
1803,292290,NA
1804,292292,True
1805,292304,NA
1806,292315,NA
1807,292326,True
1808,292337,NA
1809,292348,NA
1810,292350,True
1811,292372,NA
1812,292383,NA
1813,292417,NA
1814,292430,NA
1815,292441,NA
1816,292474,NA
1817,292485,NA
1818,292496,NA
1819,292508,True
1820,292532,NA
1821,292543,NA
1822,292554,NA
1823,292565,NA
1824,292576,NA
1825,292601,NA
1826,292634,False
1827,292667,NA
1828,292703,NA
1829,292736,NA
1830,292760,NA
1831,292771,NA
1832,292793,NA
1833,292805,True
1834,292816,True
1835,292838,NA
1836,292840,NA
1837,292862,NA
1838,292873,NA
1839,292884,NA
1840,292895,True
1841,292907,True
1842,292918,NA
1843,292931,NA
1844,292953,True
1845,292997,NA
1846,293001,NA
1847,293034,NA
1848,293056,NA
1849,293067,True
1850,293080,True
1851,293091,True
1852,293103,False
1853,293114,NA
1854,293125,True
1855,293136,NA
1856,293160,True
1857,293171,NA
1858,293193,False
1859,293205,NA
1860,293227,NA
1861,293238,False
1862,293240,NA
1863,293262,NA
1864,293284,True
1865,293295,NA
1866,293307,NA
1867,293318,NA
1868,293320,NA
1869,293353,True
1870,293375,NA
1871,293386,True
1872,293400,NA
1873,293411,False
1874,293433,NA
1875,293455,NA
1876,293466,True
1877,293488,NA
1878,293524,NA
1879,293557,NA
1880,293568,NA
1881,293581,True
1882,293615,NA
1883,293626,NA
1884,293637,NA
1885,293648,NA
1886,293650,NA
1887,293683,True
1888,293694,NA
1889,293706,True
1890,293717,NA
1891,293730,NA
1892,293741,NA
1893,293774,NA
1894,293785,NA
1895,293843,NA
1896,293865,NA
1897,294493,NA
1898,294505,NA
1899,294527,NA
1900,294540,False
1901,294562,NA
1902,294573,NA
1903,294584,False
1904,294595,NA
1905,294607,NA
1906,294618,NA
1907,294620,NA
1908,294653,NA
1909,294664,NA
1910,294675,NA
1911,294686,NA
1912,294744,NA
1913,294755,NA
1914,294790,NA
1915,294802,NA
1916,294813,NA
1917,294824,NA
1918,294835,NA
1919,294846,NA
1920,294857,True
1921,294868,NA
1922,294870,NA
1923,294881,False
1924,294892,NA
1925,294926,NA
1926,294937,NA
1927,294948,NA
1928,294961,NA
1929,294972,NA
1930,294983,NA
1931,294994,NA
1932,295007,NA
1933,295042,NA
1934,295111,NA
1935,295122,NA
1936,295155,NA
1937,295166,NA
1938,295235,NA
1939,295268,NA
1940,295279,False
1941,295292,True
1942,295315,NA
1943,295337,NA
1944,295350,NA
1945,295361,NA
1946,295372,NA
1947,295383,True
1948,295428,True
1949,295430,NA
1950,295441,NA
1951,295452,NA
1952,295463,NA
1953,295496,NA
1954,295510,NA
1955,295521,True
1956,295565,NA
1957,295587,NA
1958,295598,NA
1959,295601,NA
1960,295612,NA
1961,295623,NA
1962,295634,NA
1963,295656,NA
1964,295667,NA
1965,295678,True
1966,295680,NA
1967,295691,NA
1968,295703,NA
1969,295714,NA
1970,295873,True
1971,295884,False
1972,295920,NA
1973,295997,NA
1974,296023,NA
1975,296034,NA
1976,296056,True
1977,296067,True
1978,296160,NA
1979,296227,NA
1980,296251,NA
1981,296320,NA
1982,296353,NA
1983,296433,True
1984,296455,NA
1985,296466,True
1986,296488,NA
1987,296490,NA
1988,296502,NA
1989,296821,NA
1990,296854,NA
1991,296912,NA
1992,296923,True
1993,296934,NA
1994,297015,NA
1995,297026,True
1996,297037,NA
1997,297048,NA
1998,297083,NA
1999,297094,NA
2000,297117,NA
2001,297128,NA
2002,297130,NA
2003,297367,NA
2004,297380,NA
2005,297391,NA
2006,297403,NA
2007,297414,NA
2008,297436,NA
2009,297447,NA
2010,297460,NA
2011,297516,True
2012,297527,NA
2013,297538,True
2014,297620,NA
2015,297631,True
2016,297846,NA
2017,297868,NA
2018,297892,True
2019,297904,NA
2020,297915,NA
2021,297926,NA
2022,297937,NA
2023,297948,NA
2024,297950,NA
2025,297961,NA
2026,297972,NA
2027,297994,NA
2028,298100,NA
2029,298111,NA
2030,298166,NA
2031,298190,NA
2032,298268,NA
2033,298281,NA
2034,298337,NA
2035,298372,NA
2036,298406,NA
2037,298565,NA
2038,298576,True
2039,298623,NA
2040,298634,NA
2041,298645,NA
2042,298656,NA
2043,298667,NA
2044,298678,NA
2045,298680,NA
2046,298691,NA
2047,298703,NA
2048,298714,NA
2049,298725,NA
2050,298736,NA
2051,298747,NA
2052,298758,NA
2053,298760,NA
2054,298771,NA
2055,298782,NA
2056,298805,NA
2057,298816,NA
2058,298873,NA
2059,298896,True
2060,298907,NA
2061,298918,NA
2062,298976,NA
2063,299012,NA
2064,299034,NA
2065,299045,NA
2066,299056,NA
2067,299078,NA
2068,299079,NA
2069,299081,NA
2070,299082,NA
2071,299083,NA
2072,299084,NA
2073,299085,NA
2074,299086,NA
2075,299087,NA
2076,299088,NA
2077,299090,NA
2078,299091,False
2079,299092,NA
2080,299094,NA
2081,299095,NA
2082,299096,NA
2083,299097,NA
2084,299098,NA
2085,299101,NA
2086,299102,NA
2087,299104,NA
2088,299107,NA
2089,299109,NA
2090,299111,NA
2091,299112,NA
2092,299114,NA
2093,299115,NA
2094,299116,NA
2095,299117,NA
2096,299118,NA
2097,299119,NA
2098,299120,NA
2099,299121,NA
2100,299122,NA
2101,299123,NA
2102,299124,NA
2103,299125,NA
2104,299133,NA
2105,299134,NA
2106,299135,NA
2107,299136,NA
2108,299140,True
2109,299141,NA
2110,299142,NA
2111,299143,NA
2112,299144,NA
2113,299145,NA
2114,299146,NA
2115,299147,NA
2116,299148,NA
2117,299149,NA
2118,299150,NA
2119,299151,NA
2120,299152,NA
2121,299153,NA
2122,299154,NA
2123,299155,NA
2124,299156,NA
2125,299157,NA
2126,299158,NA
2127,299159,NA
2128,299160,NA
2129,299162,NA
2130,299163,NA
2131,299164,NA
2132,299165,NA
2133,299166,NA
2134,299167,NA
2135,299168,NA
2136,299169,NA
2137,299170,NA
2138,299171,NA
2139,299172,NA
2140,299173,NA
2141,299174,NA
2142,299175,NA
2143,299176,NA
2144,299177,NA
2145,299178,NA
2146,299180,NA
2147,299181,NA
2148,299182,NA
2149,299183,NA
2150,299184,NA
2151,299185,NA
2152,299186,NA
2153,299187,NA
2154,299188,NA
2155,299189,NA
2156,299190,NA
2157,299191,NA
2158,299192,NA
2159,299193,NA
2160,299194,NA
2161,299196,NA
2162,299197,NA
2163,299198,NA
2164,299199,NA
2165,299200,NA
2166,299201,NA
2167,299202,NA
2168,299203,NA
2169,299204,NA
2170,299205,NA
2171,299206,NA
2172,299207,NA
2173,299208,NA
2174,299209,NA
2175,299210,NA
2176,299211,NA
2177,299212,NA
2178,299213,NA
2179,299214,NA
2180,299215,NA
2181,299216,NA
2182,299217,NA
2183,299220,NA
2184,299221,NA
2185,299222,NA
2186,299223,NA
2187,299224,NA
2188,299225,NA
2189,299226,NA
2190,299228,NA
2191,299229,NA
2192,299230,NA
2193,299231,NA
2194,299232,NA
2195,299233,NA
2196,299234,NA
2197,299236,NA
2198,299238,NA
2199,299239,NA
2200,299240,NA
2201,299241,NA
2202,299242,NA
2203,299243,NA
2204,299244,NA
2205,299245,NA
2206,299246,NA
2207,299247,NA
2208,299248,NA
2209,299249,NA
2210,299250,NA
2211,299251,NA
2212,299252,NA
2213,299255,NA
2214,299256,NA
2215,299259,NA
2216,299260,NA
2217,299261,NA
2218,299262,NA
2219,299263,NA
2220,299264,NA
2221,299265,NA
2222,299266,NA
2223,299267,NA
2224,299268,NA
2225,299269,NA
2226,299270,NA
2227,299271,NA
2228,299273,NA
2229,299274,NA
2230,299275,NA
2231,299276,NA
2232,299277,NA
2233,299278,NA
2234,299279,NA
2235,299280,NA
2236,299281,NA
2237,299282,NA
2238,299283,NA
2239,299284,NA
2240,299285,NA
2241,299286,NA
2242,299287,NA
2243,299288,NA
2244,299289,NA
2245,299290,NA
2246,299291,NA
2247,299292,NA
2248,299293,NA
2249,299294,NA
2250,299295,NA
2251,299296,NA
2252,299297,NA
2253,299298,NA
2254,299299,NA
2255,299300,NA
2256,299301,NA
2257,299302,NA
2258,299303,NA
2259,299304,NA
2260,299305,NA
2261,299306,NA
2262,299307,NA
2263,299309,NA
2264,299310,NA
2265,299311,NA
2266,299312,NA
2267,299314,NA
2268,299315,NA
2269,299316,NA
2270,299317,NA
2271,299318,NA
2272,299319,NA
2273,299320,NA
2274,299321,NA
2275,299322,NA
2276,299323,NA
2277,299324,NA
2278,299325,NA
2279,299326,NA
2280,299327,NA
2281,299328,NA
2282,299330,NA
2283,299331,NA
2284,299332,NA
2285,299333,NA
2286,299334,NA
2287,299335,NA
2288,299336,NA
2289,299337,NA
2290,299338,NA
2291,299339,NA
2292,299340,NA
2293,299341,NA
2294,299342,NA
2295,299343,NA
2296,299344,NA
2297,299345,NA
2298,299346,NA
2299,299347,NA
2300,299349,NA
2301,299350,NA
2302,299351,NA
2303,299352,NA
2304,299353,NA
2305,299354,NA
2306,299355,NA
2307,299356,NA
2308,299357,NA
2309,299358,NA
2310,299359,NA
2311,299360,NA
2312,299361,NA
2313,299362,NA
2314,299363,NA
2315,299364,NA
2316,299365,NA
2317,299366,NA
2318,299368,NA
2319,299369,NA
2320,299370,NA
2321,299371,NA
2322,299372,NA
2323,299374,NA
2324,299375,NA
2325,299377,NA
2326,299378,NA
2327,299379,NA
2328,299381,NA
2329,299382,NA
2330,299383,NA
2331,299384,NA
2332,299385,NA
2333,299387,NA
2334,299388,NA
2335,299389,NA
2336,299391,NA
2337,299392,NA
2338,299393,NA
2339,299394,NA
2340,299395,NA
2341,299396,NA
2342,299399,NA
2343,299400,NA
2344,299401,NA
2345,299402,NA
2346,299403,NA
2347,299405,NA
2348,299406,NA
2349,299407,NA
2350,299408,NA
2351,299410,NA
2352,299412,NA
2353,299414,NA
2354,299415,NA
2355,299416,NA
2356,299417,NA
2357,299418,NA
2358,299419,NA
2359,299420,NA
2360,299421,NA
2361,299422,NA
2362,299425,NA
2363,299426,NA
2364,299428,NA
2365,299429,NA
2366,299430,NA
2367,299431,NA
2368,299433,NA
2369,299434,NA
2370,299435,NA
2371,299436,NA
2372,299437,NA
2373,299439,NA
2374,299440,NA
2375,299442,NA
2376,299443,NA
2377,299444,NA
2378,299445,NA
2379,299446,NA
2380,299447,NA
2381,299448,NA
2382,299449,NA
2383,299450,NA
2384,299451,NA
2385,299452,NA
2386,299453,NA
2387,299454,NA
2388,299457,NA
2389,299458,NA
2390,299459,NA
2391,299460,NA
2392,299461,NA
2393,299462,NA
2394,299464,NA
2395,299465,NA
2396,299466,NA
2397,299467,NA
2398,299468,NA
