,id,token_receive,token_receive_byLevelRatio,token_send,token_send_byLevelRatio
0,3306,NA,NA,NA,NA
1,3523,NA,NA,NA,NA
2,3556,NA,NA,NA,NA
3,3580,NA,NA,NA,NA
4,3591,NA,NA,NA,NA
5,3603,NA,NA,NA,NA
6,3693,NA,NA,NA,NA
7,3705,NA,NA,NA,NA
8,3716,NA,NA,NA,NA
9,3820,NA,NA,NA,NA
10,3831,NA,NA,NA,NA
11,200238,0.0,57.13,0.0,0.0
12,201130,0.0,99.98,0.0,0.0
13,201196,0.0,57.13,0.0,0.0
14,201208,0.0,71.41,0.0,0.0
15,201380,0.0,75.98,0.0,0.0
16,201447,0.0,0.0,0.0,0.0
17,201868,0.0,75.98,0.0,0.0
18,201904,0.0,57.13,0.0,0.0
19,202188,0.0,57.13,0.0,0.0
20,202270,0.0,57.13,0.0,0.0
21,202281,0.0,104.08,0.0,0.0
22,202292,0.0,135.31,0.0,0.0
23,202406,0.0,57.13,0.0,0.0
24,202508,0.0,0.0,0.0,0.0
25,202576,0.0,86.91,0.0,0.0
26,202587,0.0,57.13,0.0,0.0
27,202598,0.0,75.98,0.0,0.0
28,202931,0.0,0.0,0.0,0.0
29,203012,0.0,104.08,0.0,0.0
30,203023,0.0,79.98,0.0,0.0
31,203034,0.0,171.39,0.0,0.0
32,203158,0.0,104.08,0.0,0.0
33,203295,0.0,128.54,0.0,0.0
34,203307,0.0,0.0,0.0,0.0
35,203318,0.0,123.97,0.0,0.0
36,203320,0.0,57.13,0.0,0.0
37,203694,0.0,71.41,0.0,0.0
38,203808,NA,NA,NA,NA
39,203821,0.0,185.68,0.0,0.0
40,203843,0.0,57.13,0.0,0.0
41,203945,0.0,57.13,0.0,0.0
42,203956,0.0,133.12,0.0,0.0
43,203967,0.0,57.13,0.0,0.0
44,203980,0.0,199.96,0.0,0.0
45,203991,0.0,95.41,0.0,0.0
46,204004,0.0,0.0,0.0,0.0
47,204015,0.0,173.3,0.0,0.0
48,204026,0.0,102.84,0.0,0.0
49,204130,0.0,114.26,0.0,0.0
50,204141,0.0,114.26,0.0,0.0
51,204152,0.0,71.41,0.0,0.0
52,204163,0.0,57.13,0.0,0.0
53,204174,0.0,57.13,0.0,0.0
54,204460,0.0,85.7,0.0,0.0
55,204926,0.0,0.0,0.0,0.0
56,205166,0.0,133.12,0.0,0.0
57,205326,0.0,85.7,0.0,0.0
58,205428,0.0,71.41,0.0,0.0
59,205441,0.0,85.7,0.0,0.0
60,205452,0.0,148.54,0.0,0.0
61,205463,0.0,85.7,0.0,0.0
62,205508,0.0,57.13,0.0,0.0
63,205714,0.0,176.94,0.0,0.0
64,205851,0.0,95.41,0.0,0.0
65,205862,0.0,0.0,0.0,0.0
66,206067,0.0,0.0,0.0,0.0
67,206136,0.0,157.11,0.0,0.0
68,206158,0.0,171.39,0.0,0.0
69,206182,0.0,75.98,0.0,0.0
70,206193,0.0,57.13,0.0,0.0
71,206205,0.0,114.26,0.0,0.0
72,206216,0.0,0.0,0.0,0.0
73,206284,0.0,91.41,0.0,0.0
74,206318,0.0,0.0,0.0,0.0
75,206331,0.0,91.41,0.0,0.0
76,206342,0.0,171.39,0.0,0.0
77,206353,0.0,114.26,0.0,0.0
78,206364,0.0,85.7,0.0,0.0
79,206386,0.0,0.0,0.0,0.0
80,206397,0.0,85.7,0.0,0.0
81,206411,0.0,181.11,0.0,0.0
82,207130,0.0,57.13,0.0,0.0
83,207141,0.0,133.12,0.0,0.0
84,207152,0.0,148.54,0.0,0.0
85,207174,0.0,328.5,0.0,0.0
86,207185,0.0,57.13,0.0,0.0
87,207221,0.0,199.96,0.0,0.0
88,207232,0.0,171.39,0.0,0.0
89,207458,0.0,75.98,0.0,0.0
90,207482,0.0,142.83,0.0,0.0
91,207733,0.0,114.26,0.0,0.0
92,207744,0.0,152.19,0.0,0.0
93,207802,0.0,57.13,0.0,0.0
94,207824,0.0,57.13,0.0,0.0
95,207835,0.0,71.41,0.0,0.0
96,207846,0.0,83.27,0.0,0.0
97,207868,0.0,0.0,0.0,0.0
98,207870,0.0,114.26,0.0,0.0
99,207881,0.0,57.13,0.0,0.0
100,207892,0.0,0.0,0.0,0.0
101,207948,0.0,95.41,0.0,0.0
102,207950,0.0,171.39,0.0,0.0
103,207961,0.0,114.26,0.0,0.0
104,207983,0.0,114.26,0.0,0.0
105,207994,0.0,199.96,0.0,0.0
106,208007,0.0,85.7,0.0,0.0
107,208018,0.0,57.13,0.0,0.0
108,208020,0.0,0.0,0.0,0.0
109,208031,0.0,57.13,0.0,0.0
110,208042,0.0,57.13,0.0,0.0
111,208053,0.0,57.13,0.0,0.0
112,208075,0.0,79.98,0.0,0.0
113,208452,0.0,85.7,0.0,0.0
114,208463,0.0,89.7,0.0,0.0
115,208645,0.0,102.84,0.0,0.0
116,208656,0.0,114.26,0.0,0.0
117,208678,0.0,190.25,0.0,0.0
118,208680,0.0,133.12,0.0,0.0
119,208862,0.0,57.13,0.0,0.0
120,208964,0.0,NA,0.0,0.0
121,209125,0.0,114.26,0.0,0.0
122,209238,0.0,171.39,0.0,0.0
123,209240,0.0,114.26,0.0,0.0
124,209262,0.0,211.97,0.0,0.0
125,209273,0.0,159.97,0.0,0.0
126,209284,0.0,57.13,0.0,0.0
127,209295,0.0,57.13,0.0,0.0
128,209307,0.0,271.37,0.0,0.0
129,209331,0.0,85.7,0.0,0.0
130,209342,0.0,143.11,0.0,0.0
131,209353,0.0,57.13,0.0,0.0
132,209898,0.0,114.26,0.0,0.0
133,209912,0.0,60.78,0.0,0.0
134,209980,0.0,133.12,0.0,0.0
135,210038,0.0,85.7,0.0,0.0
136,210131,0.0,57.13,0.0,0.0
137,210186,0.0,NA,0.0,0.0
138,210211,0.0,0.0,0.0,0.0
139,210222,0.0,75.98,0.0,0.0
140,210233,0.0,103.91,0.0,0.0
141,210415,0.0,285.65,0.0,0.0
142,210461,0.0,0.0,0.0,0.0
143,210483,0.0,57.13,0.0,0.0
144,210506,0.0,85.7,0.0,0.0
145,210517,0.0,114.26,0.0,0.0
146,210528,0.0,57.13,0.0,0.0
147,210530,0.0,247.38,0.0,0.0
148,210541,0.0,0.0,0.0,0.0
149,210552,0.0,75.98,0.0,0.0
150,210563,0.0,57.13,0.0,0.0
151,211065,NA,NA,NA,NA
152,211076,0.0,171.39,0.0,0.0
153,211203,0.0,114.26,0.0,0.0
154,211260,0.0,57.13,0.0,0.0
155,211271,0.0,218.57,0.0,0.0
156,211475,0.0,142.83,0.0,0.0
157,211943,0.0,114.26,0.0,0.0
158,211965,0.0,57.13,0.0,0.0
159,211976,0.0,57.13,0.0,0.0
160,212070,0.0,91.41,0.0,0.0
161,213016,0.0,57.13,0.0,0.0
162,213040,0.0,102.84,0.0,0.0
163,213062,0.0,57.13,0.0,0.0
164,213084,0.0,142.83,0.0,0.0
165,213107,0.0,57.13,0.0,0.0
166,213118,0.0,182.82,0.0,0.0
167,213120,0.0,114.26,0.0,0.0
168,213131,0.0,57.13,0.0,0.0
169,213142,NA,NA,NA,NA
170,213153,0.0,85.7,0.0,0.0
171,213175,0.0,0.0,0.0,0.0
172,213186,0.0,57.13,0.0,0.0
173,213197,0.0,78.06,0.0,0.0
174,213211,0.0,71.41,0.0,0.0
175,213233,0.0,0.0,0.0,0.0
176,213461,0.0,85.7,0.0,0.0
177,213528,0.0,57.13,0.0,0.0
178,213585,0.0,57.13,0.0,0.0
179,215115,0.0,0.0,0.0,0.0
180,215137,0.0,73.12,0.0,0.0
181,215217,0.0,0.0,0.0,0.0
182,215228,0.0,57.13,0.0,0.0
183,215274,0.0,228.52,0.0,0.0
184,215285,0.0,114.26,0.0,0.0
185,215536,0.0,57.13,0.0,0.0
186,215627,0.0,NA,0.0,0.0
187,215638,0.0,NA,0.0,0.0
188,215662,0.0,85.7,0.0,0.0
189,215673,0.0,85.7,0.0,0.0
190,215844,0.0,228.98,0.0,0.0
191,215924,0.0,0.0,0.0,0.0
192,216027,0.0,0.0,0.0,0.0
193,216038,0.0,118.75,0.0,0.0
194,216040,0.0,57.13,0.0,0.0
195,216073,0.0,114.26,0.0,0.0
196,216313,0.0,57.13,0.0,0.0
197,216368,0.0,114.26,0.0,0.0
198,216370,0.0,52.04,0.0,0.0
199,216381,0.0,247.38,0.0,0.0
200,216803,0.0,399.92,0.0,0.0
201,216814,0.0,78.97,0.0,0.0
202,216825,0.0,118.75,0.0,0.0
203,216836,0.0,143.11,0.0,0.0
204,216847,0.0,57.13,0.0,0.0
205,216858,0.0,142.83,0.0,0.0
206,216860,0.0,178.13,0.0,0.0
207,216893,0.0,285.65,0.0,0.0
208,216905,0.0,114.26,0.0,0.0
209,216938,0.0,85.7,0.0,0.0
210,216940,0.0,85.7,0.0,0.0
211,216951,0.0,78.06,0.0,0.0
212,216962,0.0,114.26,0.0,0.0
213,216984,0.0,57.13,0.0,0.0
214,217316,0.0,57.13,0.0,0.0
215,217338,0.0,133.12,0.0,0.0
216,217577,0.0,85.7,0.0,0.0
217,217588,0.0,78.97,0.0,0.0
218,217635,0.0,52.04,0.0,0.0
219,217704,0.0,57.13,0.0,0.0
220,217715,0.0,247.38,0.0,0.0
221,218183,0.0,57.13,0.0,0.0
222,218387,0.0,57.13,0.0,0.0
223,218401,0.0,71.41,0.0,0.0
224,218478,0.0,95.41,0.0,0.0
225,218720,0.0,114.26,0.0,0.0
226,218731,0.0,85.7,0.0,0.0
227,218742,0.0,57.13,0.0,0.0
228,218753,0.0,0.0,0.0,0.0
229,218764,0.0,57.13,0.0,0.0
230,218775,0.0,114.26,0.0,0.0
231,218786,0.0,59.38,0.0,0.0
232,218811,0.0,0.0,0.0,0.0
233,218844,0.0,0.0,0.0,0.0
234,218855,0.0,57.13,0.0,0.0
235,219073,0.0,95.41,0.0,0.0
236,219084,0.0,142.83,0.0,0.0
237,219095,0.0,99.98,0.0,0.0
238,219107,0.0,95.41,0.0,0.0
239,219118,0.0,114.26,0.0,0.0
240,219131,0.0,99.98,0.0,0.0
241,219621,0.0,114.26,0.0,0.0
242,219701,0.0,52.04,0.0,0.0
243,219712,0.0,69.22,0.0,0.0
244,219723,0.0,0.0,0.0,0.0
245,219734,0.0,0.0,0.0,0.0
246,219745,0.0,171.39,0.0,0.0
247,219767,0.0,457.05,0.0,0.0
248,219778,0.0,57.13,0.0,0.0
249,219780,0.0,114.26,0.0,0.0
250,219791,0.0,99.98,0.0,0.0
251,219814,0.0,NA,0.0,0.0
252,219825,0.0,171.39,0.0,0.0
253,219836,0.0,171.39,0.0,0.0
254,219847,0.0,57.13,0.0,0.0
255,220135,0.0,99.16,0.0,0.0
256,220146,0.0,75.98,0.0,0.0
257,220283,0.0,75.98,0.0,0.0
258,220751,0.0,75.98,0.0,0.0
259,220886,0.0,133.12,0.0,0.0
260,220897,0.0,133.12,0.0,0.0
261,220900,0.0,NA,0.0,0.0
262,220922,0.0,114.26,0.0,0.0
263,220933,0.0,102.84,0.0,0.0
264,221253,0.0,52.04,0.0,0.0
265,221457,0.0,171.39,0.0,0.0
266,221470,0.0,57.13,0.0,0.0
267,221481,0.0,57.13,0.0,0.0
268,221492,0.0,106.88,0.0,0.0
269,221504,0.0,52.04,0.0,0.0
270,221515,0.0,0.0,0.0,0.0
271,221526,0.0,89.06,0.0,0.0
272,222336,0.0,95.41,0.0,0.0
273,222405,0.0,95.41,0.0,0.0
274,222416,0.0,156.12,0.0,0.0
275,222427,0.0,0.0,0.0,0.0
276,222440,0.0,57.13,0.0,0.0
277,222815,0.0,57.13,0.0,0.0
278,222826,0.0,199.96,0.0,0.0
279,223250,0.0,85.7,0.0,0.0
280,223330,0.0,59.38,0.0,0.0
281,223352,0.0,99.98,0.0,0.0
282,223363,0.0,114.26,0.0,0.0
283,223396,0.0,78.06,0.0,0.0
284,223818,0.0,99.98,0.0,0.0
285,223820,0.0,142.83,0.0,0.0
286,223831,0.0,52.04,0.0,0.0
287,223853,0.0,118.75,0.0,0.0
288,223875,0.0,0.0,0.0,0.0
289,224297,0.0,89.06,0.0,0.0
290,224390,0.0,78.97,0.0,0.0
291,224402,0.0,57.13,0.0,0.0
292,224468,0.0,57.13,0.0,0.0
293,225154,0.0,57.13,0.0,0.0
294,225256,0.0,91.41,0.0,0.0
295,225267,0.0,57.13,0.0,0.0
296,225416,0.0,57.13,0.0,0.0
297,225644,NA,NA,NA,NA
298,225872,0.0,57.13,0.0,0.0
299,225894,0.0,95.41,0.0,0.0
300,225906,0.0,NA,0.0,0.0
301,225917,0.0,159.97,0.0,0.0
302,225928,0.0,99.98,0.0,0.0
303,225930,0.0,159.97,0.0,0.0
304,225941,0.0,0.0,0.0,0.0
305,225952,0.0,112.93,0.0,0.0
306,225963,0.0,299.94,0.0,0.0
307,225974,0.0,75.98,0.0,0.0
308,225996,0.0,0.0,0.0,0.0
309,226033,0.0,114.26,0.0,0.0
310,226784,0.0,59.38,0.0,0.0
311,226818,0.0,57.13,0.0,0.0
312,227105,0.0,0.0,0.0,0.0
313,227116,0.0,57.13,0.0,0.0
314,227127,0.0,NA,0.0,0.0
315,227138,0.0,148.44,0.0,0.0
316,227162,0.0,0.0,0.0,0.0
317,227173,0.0,0.0,0.0,0.0
318,227184,0.0,57.13,0.0,0.0
319,227207,0.0,NA,0.0,0.0
320,227218,0.0,85.7,0.0,0.0
321,227652,0.0,75.98,0.0,0.0
322,227674,0.0,85.7,0.0,0.0
323,227696,0.0,45.7,0.0,0.0
324,227708,0.0,114.26,0.0,0.0
325,227710,0.0,75.98,0.0,0.0
326,227732,0.0,152.54,0.0,0.0
327,227754,0.0,0.0,0.0,0.0
328,227765,0.0,0.0,0.0,0.0
329,227787,0.0,257.09,0.0,0.0
330,227834,0.0,0.0,0.0,0.0
331,228278,0.0,0.0,0.0,0.0
332,228280,0.0,104.08,0.0,0.0
333,228303,0.0,57.13,0.0,0.0
334,228314,0.0,0.0,0.0,0.0
335,228325,0.0,78.97,0.0,0.0
336,228336,0.0,57.13,0.0,0.0
337,228347,0.0,75.98,0.0,0.0
338,228358,0.0,114.26,0.0,0.0
339,228416,0.0,52.04,0.0,0.0
340,229066,0.0,0.0,0.0,0.0
341,229077,0.0,57.13,0.0,0.0
342,229088,0.0,52.04,0.0,0.0
343,229090,0.0,86.91,0.0,0.0
344,229102,0.0,104.08,0.0,0.0
345,229146,0.0,69.22,0.0,0.0
346,229168,0.0,114.26,0.0,0.0
347,229625,0.0,0.0,0.0,0.0
348,229636,0.0,106.88,0.0,0.0
349,229660,0.0,69.22,0.0,0.0
350,229671,0.0,121.26,0.0,0.0
351,229682,0.0,52.04,0.0,0.0
352,229693,0.0,78.06,0.0,0.0
353,229705,0.0,95.41,0.0,0.0
354,229716,0.0,57.13,0.0,0.0
355,229727,0.0,125.69,0.0,0.0
356,229738,0.0,199.96,0.0,0.0
357,229740,0.0,75.98,0.0,0.0
358,229751,0.0,57.13,0.0,0.0
359,229762,0.0,214.24,0.0,0.0
360,229784,0.0,57.13,0.0,0.0
361,229795,0.0,52.04,0.0,0.0
362,229818,0.0,152.54,0.0,0.0
363,229820,0.0,78.06,0.0,0.0
364,229831,0.0,114.26,0.0,0.0
365,230152,0.0,171.39,0.0,0.0
366,230276,0.0,85.7,0.0,0.0
367,230527,0.0,57.13,0.0,0.0
368,230870,0.0,0.0,0.0,0.0
369,230881,0.0,0.0,0.0,0.0
370,230892,0.0,57.13,0.0,0.0
371,231292,0.0,72.86,0.0,0.0
372,231337,0.0,57.13,0.0,0.0
373,231587,0.0,85.7,0.0,0.0
374,231598,0.0,114.26,0.0,0.0
375,231645,0.0,57.13,0.0,0.0
376,231725,0.0,0.0,0.0,0.0
377,232182,0.0,133.12,0.0,0.0
378,232193,0.0,114.26,0.0,0.0
379,232205,0.0,178.13,0.0,0.0
380,232227,0.0,171.39,0.0,0.0
381,232238,0.0,85.7,0.0,0.0
382,232240,0.0,114.26,0.0,0.0
383,232502,0.0,114.26,0.0,0.0
384,232557,0.0,156.12,0.0,0.0
385,233130,0.0,68.55,0.0,0.0
386,233301,0.0,99.16,0.0,0.0
387,233312,0.0,0.0,0.0,0.0
388,233631,0.0,85.7,0.0,0.0
389,233711,0.0,118.75,0.0,0.0
390,233733,0.0,85.7,0.0,0.0
391,233835,0.0,0.0,0.0,0.0
392,233857,0.0,0.0,0.0,0.0
393,234007,0.0,114.26,0.0,0.0
394,234111,0.0,57.13,0.0,0.0
395,234257,NA,NA,NA,NA
396,234532,0.0,NA,0.0,0.0
397,234543,0.0,148.54,0.0,0.0
398,234576,0.0,0.0,0.0,0.0
399,234587,0.0,95.41,0.0,0.0
400,234598,0.0,0.0,0.0,0.0
401,234612,0.0,57.13,0.0,0.0
402,234634,0.0,75.98,0.0,0.0
403,234656,0.0,86.91,0.0,0.0
404,234667,0.0,57.13,0.0,0.0
405,234678,0.0,85.7,0.0,0.0
406,234680,0.0,85.7,0.0,0.0
407,234691,0.0,114.26,0.0,0.0
408,234725,0.0,85.7,0.0,0.0
409,234736,0.0,0.0,0.0,0.0
410,234747,0.0,78.06,0.0,0.0
411,234758,0.0,89.06,0.0,0.0
412,234760,0.0,95.41,0.0,0.0
413,234771,0.0,0.0,0.0,0.0
414,234782,0.0,75.98,0.0,0.0
415,234793,0.0,69.22,0.0,0.0
416,234805,0.0,78.06,0.0,0.0
417,234816,0.0,59.38,0.0,0.0
418,234827,0.0,75.98,0.0,0.0
419,234840,0.0,0.0,0.0,0.0
420,234884,0.0,57.13,0.0,0.0
421,234907,0.0,0.0,0.0,0.0
422,234918,0.0,0.0,0.0,0.0
423,234931,0.0,57.13,0.0,0.0
424,234942,0.0,114.26,0.0,0.0
425,234975,0.0,NA,0.0,0.0
426,234986,0.0,57.13,0.0,0.0
427,236482,0.0,85.7,0.0,0.0
428,236540,0.0,0.0,0.0,0.0
429,236551,0.0,0.0,0.0,0.0
430,236562,0.0,57.13,0.0,0.0
431,236755,0.0,85.7,0.0,0.0
432,236766,0.0,57.13,0.0,0.0
433,236788,0.0,138.34,0.0,0.0
434,237155,0.0,95.41,0.0,0.0
435,237188,0.0,52.04,0.0,0.0
436,237213,0.0,0.0,0.0,0.0
437,237246,0.0,85.7,0.0,0.0
438,237406,0.0,0.0,0.0,0.0
439,237441,0.0,85.7,0.0,0.0
440,237474,0.0,57.13,0.0,0.0
441,237485,0.0,95.41,0.0,0.0
442,237703,0.0,91.07,0.0,0.0
443,237714,0.0,57.13,0.0,0.0
444,237725,0.0,0.0,0.0,0.0
445,237931,0.0,57.13,0.0,0.0
446,237942,0.0,118.75,0.0,0.0
447,237964,0.0,104.08,0.0,0.0
448,237975,0.0,114.26,0.0,0.0
449,237986,0.0,75.98,0.0,0.0
450,237997,0.0,91.07,0.0,0.0
451,238012,0.0,112.93,0.0,0.0
452,238023,0.0,242.81,0.0,0.0
453,238672,0.0,138.95,0.0,0.0
454,238956,0.0,114.26,0.0,0.0
455,239117,0.0,130.1,0.0,0.0
456,239128,0.0,125.68,0.0,0.0
457,239312,0.0,57.13,0.0,0.0
458,239323,0.0,57.13,0.0,0.0
459,239334,0.0,152.54,0.0,0.0
460,239345,0.0,0.0,0.0,0.0
461,239356,0.0,57.13,0.0,0.0
462,239367,0.0,0.0,0.0,0.0
463,239378,0.0,182.82,0.0,0.0
464,239380,0.0,57.13,0.0,0.0
465,239403,0.0,76.32,0.0,0.0
466,239835,0.0,78.06,0.0,0.0
467,239846,0.0,NA,0.0,0.0
468,239870,0.0,148.53,0.0,0.0
469,239881,0.0,0.0,0.0,0.0
470,239892,0.0,91.41,0.0,0.0
471,239904,0.0,57.13,0.0,0.0
472,239915,0.0,171.39,0.0,0.0
473,239926,0.0,57.13,0.0,0.0
474,239948,0.0,161.68,0.0,0.0
475,239950,0.0,137.11,0.0,0.0
476,239972,0.0,142.83,0.0,0.0
477,240258,0.0,171.39,0.0,0.0
478,240327,0.0,125.69,0.0,0.0
479,240555,0.0,114.26,0.0,0.0
480,240566,0.0,99.98,0.0,0.0
481,240577,0.0,114.26,0.0,0.0
482,240590,0.0,166.53,0.0,0.0
483,240794,0.0,45.7,0.0,0.0
484,240806,0.0,57.13,0.0,0.0
485,240874,0.0,68.55,0.0,0.0
486,240896,0.0,0.0,0.0,0.0
487,240910,0.0,95.41,0.0,0.0
488,240976,0.0,71.41,0.0,0.0
489,240987,0.0,114.26,0.0,0.0
490,241002,0.0,0.0,0.0,0.0
491,241274,0.0,95.41,0.0,0.0
492,241800,0.0,57.13,0.0,0.0
493,241811,0.0,0.0,0.0,0.0
494,241924,0.0,104.08,0.0,0.0
495,241935,0.0,57.13,0.0,0.0
496,241946,0.0,237.5,0.0,0.0
497,241957,0.0,57.13,0.0,0.0
498,241970,0.0,0.0,0.0,0.0
499,241981,0.0,71.41,0.0,0.0
500,241992,0.0,114.26,0.0,0.0
501,242370,0.0,171.39,0.0,0.0
502,242392,0.0,156.12,0.0,0.0
503,242437,0.0,57.13,0.0,0.0
504,242448,0.0,NA,0.0,0.0
505,242450,NA,NA,NA,NA
506,242461,0.0,190.25,0.0,0.0
507,242472,0.0,45.7,0.0,0.0
508,242483,0.0,0.0,0.0,0.0
509,242506,0.0,142.83,0.0,0.0
510,242517,0.0,85.7,0.0,0.0
511,242528,0.0,57.13,0.0,0.0
512,242541,0.0,114.26,0.0,0.0
513,242552,0.0,114.26,0.0,0.0
514,242563,0.0,199.96,0.0,0.0
515,242574,0.0,57.13,0.0,0.0
516,242654,0.0,45.7,0.0,0.0
517,242665,0.0,114.26,0.0,0.0
518,242676,0.0,85.7,0.0,0.0
519,242687,0.0,125.69,0.0,0.0
520,242698,0.0,85.7,0.0,0.0
521,242701,0.0,114.26,0.0,0.0
522,243087,0.0,171.39,0.0,0.0
523,243098,0.0,57.13,0.0,0.0
524,243167,0.0,85.7,0.0,0.0
525,243178,0.0,85.7,0.0,0.0
526,243191,0.0,89.06,0.0,0.0
527,243225,0.0,68.55,0.0,0.0
528,243236,NA,NA,NA,NA
529,243258,0.0,57.13,0.0,0.0
530,243260,0.0,114.26,0.0,0.0
531,243282,0.0,122.26,0.0,0.0
532,243305,0.0,130.1,0.0,0.0
533,243316,0.0,102.84,0.0,0.0
534,243327,0.0,171.39,0.0,0.0
535,243338,0.0,57.13,0.0,0.0
536,243362,0.0,57.13,0.0,0.0
537,243373,0.0,57.13,0.0,0.0
538,243384,0.0,133.12,0.0,0.0
539,243932,0.0,85.7,0.0,0.0
540,243943,0.0,118.75,0.0,0.0
541,243954,0.0,152.54,0.0,0.0
542,243976,0.0,0.0,0.0,0.0
543,243998,0.0,114.26,0.0,0.0
544,244002,0.0,75.98,0.0,0.0
545,244024,0.0,57.13,0.0,0.0
546,244401,0.0,45.7,0.0,0.0
547,244412,0.0,0.0,0.0,0.0
548,244423,0.0,0.0,0.0,0.0
549,244434,0.0,0.0,0.0,0.0
550,244445,0.0,0.0,0.0,0.0
551,244456,0.0,285.65,0.0,0.0
552,244467,0.0,57.13,0.0,0.0
553,244935,0.0,0.0,0.0,0.0
554,245005,0.0,148.54,0.0,0.0
555,245095,0.0,65.05,0.0,0.0
556,245186,0.0,171.39,0.0,0.0
557,245197,0.0,0.0,0.0,0.0
558,245200,0.0,85.7,0.0,0.0
559,245211,0.0,57.13,0.0,0.0
560,245288,0.0,0.0,0.0,0.0
561,245302,0.0,128.54,0.0,0.0
562,245415,0.0,0.0,0.0,0.0
563,245426,0.0,114.26,0.0,0.0
564,245437,0.0,137.11,0.0,0.0
565,245448,0.0,171.39,0.0,0.0
566,245461,0.0,57.13,0.0,0.0
567,245472,0.0,114.26,0.0,0.0
568,245483,0.0,57.13,0.0,0.0
569,245494,0.0,114.26,0.0,0.0
570,245506,0.0,75.98,0.0,0.0
571,245517,0.0,85.7,0.0,0.0
572,245528,0.0,159.97,0.0,0.0
573,245541,0.0,85.7,0.0,0.0
574,245552,0.0,122.03,0.0,0.0
575,245585,0.0,137.11,0.0,0.0
576,245608,0.0,75.98,0.0,0.0
577,245621,0.0,173.67,0.0,0.0
578,245632,0.0,236.28,0.0,0.0
579,245665,0.0,142.83,0.0,0.0
580,246065,0.0,75.98,0.0,0.0
581,246260,0.0,71.41,0.0,0.0
582,246293,0.0,85.7,0.0,0.0
583,246305,0.0,0.0,0.0,0.0
584,246316,0.0,78.06,0.0,0.0
585,246327,0.0,102.84,0.0,0.0
586,246338,0.0,0.0,0.0,0.0
587,246340,0.0,0.0,0.0,0.0
588,246351,0.0,NA,0.0,0.0
589,246362,0.0,57.13,0.0,0.0
590,246384,0.0,78.06,0.0,0.0
591,246395,0.0,249.8,0.0,0.0
592,246418,0.0,85.7,0.0,0.0
593,246761,0.0,142.83,0.0,0.0
594,246783,0.0,52.04,0.0,0.0
595,246806,0.0,NA,0.0,0.0
596,246965,0.0,57.13,0.0,0.0
597,246987,0.0,152.54,0.0,0.0
598,246998,0.0,142.83,0.0,0.0
599,247002,0.0,57.13,0.0,0.0
600,247013,0.0,57.13,0.0,0.0
601,247024,0.0,171.39,0.0,0.0
602,247046,0.0,152.54,0.0,0.0
603,247057,0.0,91.41,0.0,0.0
604,247068,0.0,239.95,0.0,0.0
605,247070,0.0,114.26,0.0,0.0
606,247081,0.0,79.98,0.0,0.0
607,247092,0.0,57.13,0.0,0.0
608,247104,0.0,152.54,0.0,0.0
609,247115,0.0,57.13,0.0,0.0
610,247126,0.0,85.7,0.0,0.0
611,247137,0.0,85.7,0.0,0.0
612,247148,0.0,114.26,0.0,0.0
613,247150,0.0,79.98,0.0,0.0
614,247217,0.0,NA,0.0,0.0
615,247228,0.0,194.25,0.0,0.0
616,247241,0.0,114.26,0.0,0.0
617,247263,0.0,199.96,0.0,0.0
618,247560,0.0,171.39,0.0,0.0
619,247616,0.0,0.0,0.0,0.0
620,247946,0.0,91.07,0.0,0.0
621,247957,0.0,176.94,0.0,0.0
622,248038,0.0,0.0,0.0,0.0
623,248051,0.0,114.26,0.0,0.0
624,248073,0.0,75.98,0.0,0.0
625,248084,0.0,57.13,0.0,0.0
626,248095,0.0,57.13,0.0,0.0
627,248107,0.0,114.26,0.0,0.0
628,248118,0.0,221.18,0.0,0.0
629,248120,0.0,171.39,0.0,0.0
630,248131,0.0,57.13,0.0,0.0
631,248142,0.0,57.13,0.0,0.0
632,248153,0.0,59.38,0.0,0.0
633,248164,0.0,NA,0.0,0.0
634,248175,0.0,85.7,0.0,0.0
635,248437,0.0,57.13,0.0,0.0
636,248448,0.0,85.7,0.0,0.0
637,248461,0.0,NA,0.0,0.0
638,248654,0.0,52.04,0.0,0.0
639,248676,0.0,85.7,0.0,0.0
640,248687,0.0,195.16,0.0,0.0
641,248698,0.0,57.13,0.0,0.0
642,248701,0.0,0.0,0.0,0.0
643,248723,0.0,78.06,0.0,0.0
644,248734,0.0,0.0,0.0,0.0
645,248745,0.0,0.0,0.0,0.0
646,248767,0.0,78.97,0.0,0.0
647,249178,0.0,142.83,0.0,0.0
648,249327,0.0,71.41,0.0,0.0
649,249453,0.0,0.0,0.0,0.0
650,249475,0.0,99.98,0.0,0.0
651,249566,0.0,0.0,0.0,0.0
652,249577,0.0,104.08,0.0,0.0
653,249590,0.0,85.7,0.0,0.0
654,249624,0.0,45.7,0.0,0.0
655,249646,0.0,114.26,0.0,0.0
656,249657,0.0,0.0,0.0,0.0
657,249896,0.0,57.13,0.0,0.0
658,249908,0.0,57.13,0.0,0.0
659,249910,0.0,0.0,0.0,0.0
660,249921,0.0,114.26,0.0,0.0
661,249943,0.0,142.83,0.0,0.0
662,249954,0.0,171.39,0.0,0.0
663,249976,0.0,57.13,0.0,0.0
664,250025,0.0,118.75,0.0,0.0
665,250036,0.0,52.04,0.0,0.0
666,250047,0.0,86.91,0.0,0.0
667,250093,0.0,NA,0.0,0.0
668,250333,0.0,57.13,0.0,0.0
669,250377,0.0,89.06,0.0,0.0
670,250388,0.0,89.06,0.0,0.0
671,250390,0.0,0.0,0.0,0.0
672,250402,0.0,52.04,0.0,0.0
673,250413,0.0,0.0,0.0,0.0
674,250424,0.0,57.13,0.0,0.0
675,250435,0.0,52.04,0.0,0.0
676,250446,0.0,124.9,0.0,0.0
677,250457,0.0,91.41,0.0,0.0
678,250468,0.0,52.04,0.0,0.0
679,250470,0.0,114.26,0.0,0.0
680,250481,0.0,114.26,0.0,0.0
681,250492,0.0,NA,0.0,0.0
682,250504,0.0,0.0,0.0,0.0
683,250515,0.0,114.26,0.0,0.0
684,250526,0.0,NA,0.0,0.0
685,250537,0.0,0.0,0.0,0.0
686,250550,0.0,NA,0.0,0.0
687,250561,0.0,138.34,0.0,0.0
688,250606,0.0,57.13,0.0,0.0
689,250628,0.0,0.0,0.0,0.0
690,250903,0.0,85.7,0.0,0.0
691,250914,0.0,171.39,0.0,0.0
692,250925,0.0,69.22,0.0,0.0
693,250947,0.0,85.7,0.0,0.0
694,250958,0.0,114.26,0.0,0.0
695,251096,0.0,52.04,0.0,0.0
696,251314,0.0,57.13,0.0,0.0
697,251325,NA,NA,NA,NA
698,251358,0.0,0.0,0.0,0.0
699,251382,0.0,57.13,0.0,0.0
700,251393,0.0,57.13,0.0,0.0
701,251405,0.0,0.0,0.0,0.0
702,251416,0.0,52.04,0.0,0.0
703,251427,0.0,NA,0.0,0.0
704,251438,0.0,217.1,0.0,0.0
705,251531,NA,NA,NA,NA
706,251542,0.0,0.0,0.0,0.0
707,251553,0.0,57.13,0.0,0.0
708,251597,NA,NA,NA,NA
709,251600,0.0,114.26,0.0,0.0
710,251611,NA,NA,NA,NA
711,251622,0.0,0.0,0.0,0.0
712,251644,0.0,57.13,0.0,0.0
713,251655,0.0,NA,0.0,0.0
714,251666,0.0,0.0,0.0,0.0
715,251677,0.0,114.26,0.0,0.0
716,251702,0.0,75.98,0.0,0.0
717,251713,0.0,85.7,0.0,0.0
718,251724,0.0,95.41,0.0,0.0
719,251735,0.0,57.13,0.0,0.0
720,251746,0.0,0.0,0.0,0.0
721,251768,0.0,99.98,0.0,0.0
722,251770,0.0,57.13,0.0,0.0
723,252146,0.0,57.13,0.0,0.0
724,252168,0.0,95.41,0.0,0.0
725,252170,0.0,57.13,0.0,0.0
726,253641,0.0,157.11,0.0,0.0
727,253652,0.0,114.26,0.0,0.0
728,253708,0.0,57.13,0.0,0.0
729,253732,0.0,171.39,0.0,0.0
730,253891,0.0,57.13,0.0,0.0
731,254052,NA,NA,NA,NA
732,254267,0.0,69.22,0.0,0.0
733,254314,0.0,57.13,0.0,0.0
734,254382,0.0,0.0,0.0,0.0
735,254438,0.0,195.16,0.0,0.0
736,254462,NA,NA,NA,NA
737,254473,0.0,59.38,0.0,0.0
738,254484,0.0,57.13,0.0,0.0
739,254495,0.0,0.0,0.0,0.0
740,254507,0.0,59.38,0.0,0.0
741,254518,0.0,114.26,0.0,0.0
742,254520,0.0,52.04,0.0,0.0
743,254531,0.0,156.12,0.0,0.0
744,254542,0.0,78.06,0.0,0.0
745,254564,0.0,0.0,0.0,0.0
746,254586,0.0,0.0,0.0,0.0
747,254600,0.0,114.26,0.0,0.0
748,254611,0.0,NA,0.0,0.0
749,254622,0.0,242.81,0.0,0.0
750,254757,NA,NA,NA,NA
751,254768,0.0,57.13,0.0,0.0
752,254770,0.0,57.13,0.0,0.0
753,254792,0.0,57.13,0.0,0.0
754,254837,0.0,57.13,0.0,0.0
755,255022,0.0,91.4,0.0,0.0
756,255113,0.0,114.26,0.0,0.0
757,255124,0.0,78.06,0.0,0.0
758,255146,0.0,114.26,0.0,0.0
759,255157,0.0,57.13,0.0,0.0
760,255170,0.0,75.98,0.0,0.0
761,255192,0.0,0.0,0.0,0.0
762,255261,0.0,118.75,0.0,0.0
763,255421,0.0,75.98,0.0,0.0
764,255556,0.0,0.0,0.0,0.0
765,255603,0.0,52.04,0.0,0.0
766,255614,0.0,142.83,0.0,0.0
767,255625,0.0,85.7,0.0,0.0
768,255647,0.0,214.24,0.0,0.0
769,255693,0.0,57.13,0.0,0.0
770,255716,0.0,57.13,0.0,0.0
771,255727,0.0,57.13,0.0,0.0
772,255738,0.0,52.04,0.0,0.0
773,255831,0.0,166.53,0.0,0.0
774,255922,0.0,0.0,0.0,0.0
775,255933,0.0,57.13,0.0,0.0
776,255944,0.0,57.13,0.0,0.0
777,255955,0.0,0.0,0.0,0.0
778,256036,0.0,NA,0.0,0.0
779,256058,0.0,78.06,0.0,0.0
780,256060,0.0,0.0,0.0,0.0
781,256071,0.0,228.52,0.0,0.0
782,256082,0.0,57.13,0.0,0.0
783,256127,0.0,114.26,0.0,0.0
784,256138,0.0,85.7,0.0,0.0
785,256140,0.0,114.26,0.0,0.0
786,256151,0.0,85.7,0.0,0.0
787,256162,0.0,125.69,0.0,0.0
788,256173,0.0,NA,0.0,0.0
789,256195,0.0,159.97,0.0,0.0
790,256333,0.0,130.1,0.0,0.0
791,256366,0.0,85.7,0.0,0.0
792,256377,0.0,85.7,0.0,0.0
793,256413,0.0,0.0,0.0,0.0
794,256435,0.0,57.13,0.0,0.0
795,256548,0.0,114.26,0.0,0.0
796,256594,0.0,0.0,0.0,0.0
797,256630,0.0,60.78,0.0,0.0
798,256685,0.0,57.13,0.0,0.0
799,256776,0.0,57.13,0.0,0.0
800,256812,0.0,57.13,0.0,0.0
801,256878,0.0,85.7,0.0,0.0
802,256880,0.0,0.0,0.0,0.0
803,256903,0.0,57.13,0.0,0.0
804,256914,0.0,123.97,0.0,0.0
805,256960,0.0,104.08,0.0,0.0
806,257074,0.0,130.1,0.0,0.0
807,257085,0.0,0.0,0.0,0.0
808,257108,0.0,85.7,0.0,0.0
809,257267,0.0,91.41,0.0,0.0
810,257347,0.0,148.54,0.0,0.0
811,257360,0.0,0.0,0.0,0.0
812,257382,0.0,114.26,0.0,0.0
813,257393,0.0,114.26,0.0,0.0
814,257462,0.0,104.08,0.0,0.0
815,257597,0.0,91.41,0.0,0.0
816,257633,0.0,114.26,0.0,0.0
817,257655,0.0,57.13,0.0,0.0
818,257666,0.0,57.13,0.0,0.0
819,257735,0.0,57.13,0.0,0.0
820,257768,0.0,45.7,0.0,0.0
821,257792,0.0,171.39,0.0,0.0
822,257804,0.0,57.13,0.0,0.0
823,257917,0.0,75.98,0.0,0.0
824,257928,0.0,57.13,0.0,0.0
825,257996,0.0,59.38,0.0,0.0
826,258000,0.0,114.26,0.0,0.0
827,258077,0.0,178.13,0.0,0.0
828,258124,0.0,85.7,0.0,0.0
829,258157,0.0,155.39,0.0,0.0
830,258204,0.0,57.13,0.0,0.0
831,258215,0.0,57.13,0.0,0.0
832,258294,0.0,52.04,0.0,0.0
833,258385,0.0,52.04,0.0,0.0
834,258408,0.0,85.7,0.0,0.0
835,258534,0.0,68.55,0.0,0.0
836,258580,0.0,104.08,0.0,0.0
837,258591,0.0,125.69,0.0,0.0
838,258603,0.0,57.13,0.0,0.0
839,258636,0.0,NA,0.0,0.0
840,258807,0.0,57.13,0.0,0.0
841,258820,0.0,NA,0.0,0.0
842,258831,0.0,52.04,0.0,0.0
843,258842,0.0,85.7,0.0,0.0
844,258853,0.0,57.13,0.0,0.0
845,258864,0.0,95.41,0.0,0.0
846,258875,0.0,95.41,0.0,0.0
847,258886,0.0,95.41,0.0,0.0
848,258911,0.0,171.39,0.0,0.0
849,258944,0.0,142.83,0.0,0.0
850,258988,0.0,114.26,0.0,0.0
851,259140,0.0,85.7,0.0,0.0
852,259253,0.0,416.33,0.0,0.0
853,259275,0.0,75.98,0.0,0.0
854,259344,0.0,NA,0.0,0.0
855,259435,0.0,59.38,0.0,0.0
856,259468,0.0,57.13,0.0,0.0
857,259481,0.0,91.4,0.0,0.0
858,259685,0.0,52.04,0.0,0.0
859,259696,0.0,NA,0.0,0.0
860,259823,0.0,57.13,0.0,0.0
861,259834,0.0,71.41,0.0,0.0
862,259856,0.0,0.0,0.0,0.0
863,259925,0.0,75.98,0.0,0.0
864,259982,0.0,85.7,0.0,0.0
865,260020,0.0,85.7,0.0,0.0
866,260064,0.0,57.13,0.0,0.0
867,260133,0.0,57.13,0.0,0.0
868,260144,0.0,75.98,0.0,0.0
869,260177,0.0,104.08,0.0,0.0
870,260190,0.0,57.13,0.0,0.0
871,260202,0.0,75.98,0.0,0.0
872,260213,0.0,71.41,0.0,0.0
873,260224,0.0,75.98,0.0,0.0
874,260235,0.0,85.7,0.0,0.0
875,260257,0.0,114.26,0.0,0.0
876,260268,0.0,85.7,0.0,0.0
877,260326,0.0,45.7,0.0,0.0
878,260361,0.0,57.13,0.0,0.0
879,260394,0.0,45.7,0.0,0.0
880,260406,0.0,0.0,0.0,0.0
881,260428,0.0,45.7,0.0,0.0
882,260441,0.0,114.26,0.0,0.0
883,260452,0.0,142.83,0.0,0.0
884,260667,0.0,114.26,0.0,0.0
885,260736,0.0,152.54,0.0,0.0
886,260747,0.0,57.13,0.0,0.0
887,260793,0.0,247.2,0.0,0.0
888,260816,0.0,114.26,0.0,0.0
889,260862,0.0,104.08,0.0,0.0
890,260884,0.0,242.81,0.0,0.0
891,260907,0.0,NA,0.0,0.0
892,260918,0.0,85.7,0.0,0.0
893,260920,0.0,57.13,0.0,0.0
894,260953,0.0,52.04,0.0,0.0
895,260975,0.0,74.22,0.0,0.0
896,261012,0.0,156.12,0.0,0.0
897,261056,0.0,114.26,0.0,0.0
898,261227,0.0,157.11,0.0,0.0
899,261240,0.0,69.22,0.0,0.0
900,261320,0.0,57.13,0.0,0.0
901,261433,0.0,NA,0.0,0.0
902,261502,0.0,57.13,0.0,0.0
903,261568,0.0,104.08,0.0,0.0
904,261581,0.0,57.13,0.0,0.0
905,261785,0.0,114.26,0.0,0.0
906,261796,0.0,57.13,0.0,0.0
907,261810,0.0,57.13,0.0,0.0
908,262050,0.0,152.54,0.0,0.0
909,262061,0.0,57.13,0.0,0.0
910,262083,0.0,104.08,0.0,0.0
911,262094,0.0,138.95,0.0,0.0
912,262128,0.0,NA,0.0,0.0
913,262141,0.0,95.41,0.0,0.0
914,262163,0.0,57.13,0.0,0.0
915,262196,0.0,114.26,0.0,0.0
916,262208,0.0,57.13,0.0,0.0
917,262210,0.0,148.54,0.0,0.0
918,262232,0.0,NA,0.0,0.0
919,262287,0.0,199.96,0.0,0.0
920,262301,0.0,57.13,0.0,0.0
921,262312,0.0,342.79,0.0,0.0
922,262323,0.0,57.13,0.0,0.0
923,262334,0.0,0.0,0.0,0.0
924,262380,0.0,0.0,0.0,0.0
925,262403,0.0,85.7,0.0,0.0
926,262436,0.0,85.7,0.0,0.0
927,262447,0.0,205.67,0.0,0.0
928,262482,0.0,0.0,0.0,0.0
929,262551,0.0,57.13,0.0,0.0
930,262562,0.0,114.26,0.0,0.0
931,262573,0.0,95.41,0.0,0.0
932,262653,0.0,95.41,0.0,0.0
933,262664,0.0,128.54,0.0,0.0
934,262675,0.0,239.95,0.0,0.0
935,262697,0.0,194.25,0.0,0.0
936,262733,0.0,57.13,0.0,0.0
937,262744,0.0,57.13,0.0,0.0
938,262777,0.0,57.13,0.0,0.0
939,262813,0.0,0.0,0.0,0.0
940,262846,0.0,57.13,0.0,0.0
941,262857,0.0,NA,0.0,0.0
942,262868,0.0,399.92,0.0,0.0
943,262892,0.0,142.83,0.0,0.0
944,262915,0.0,57.13,0.0,0.0
945,262926,0.0,114.26,0.0,0.0
946,263417,0.0,57.13,0.0,0.0
947,263485,0.0,57.13,0.0,0.0
948,263554,0.0,45.7,0.0,0.0
949,263680,0.0,79.98,0.0,0.0
950,263827,0.0,57.13,0.0,0.0
951,263862,0.0,NA,0.0,0.0
952,263895,0.0,57.13,0.0,0.0
953,263986,0.0,171.39,0.0,0.0
954,264034,0.0,71.41,0.0,0.0
955,264080,0.0,102.83,0.0,0.0
956,264103,0.0,128.54,0.0,0.0
957,264147,0.0,99.15,0.0,0.0
958,264160,0.0,57.13,0.0,0.0
959,264171,0.0,99.98,0.0,0.0
960,264251,0.0,71.41,0.0,0.0
961,264273,0.0,NA,0.0,0.0
962,264295,0.0,185.68,0.0,0.0
963,264466,0.0,52.04,0.0,0.0
964,264650,0.0,NA,0.0,0.0
965,264694,0.0,57.13,0.0,0.0
966,264717,0.0,171.39,0.0,0.0
967,264730,0.0,0.0,0.0,0.0
968,264741,0.0,0.0,0.0,0.0
969,264752,0.0,75.98,0.0,0.0
970,264763,0.0,0.0,0.0,0.0
971,264774,0.0,57.13,0.0,0.0
972,264808,0.0,91.4,0.0,0.0
973,264810,0.0,57.13,0.0,0.0
974,264821,0.0,157.11,0.0,0.0
975,264832,0.0,85.7,0.0,0.0
976,264956,0.0,65.05,0.0,0.0
977,265048,0.0,102.84,0.0,0.0
978,265128,0.0,85.7,0.0,0.0
979,265334,0.0,0.0,0.0,0.0
980,265391,0.0,57.13,0.0,0.0
981,265458,0.0,52.04,0.0,0.0
982,265482,0.0,85.7,0.0,0.0
983,265631,0.0,342.79,0.0,0.0
984,265686,0.0,85.7,0.0,0.0
985,265697,0.0,57.13,0.0,0.0
986,265711,0.0,260.21,0.0,0.0
987,265733,0.0,114.26,0.0,0.0
988,265972,0.0,0.0,0.0,0.0
989,265994,0.0,57.13,0.0,0.0
990,266018,0.0,85.7,0.0,0.0
991,266020,0.0,57.13,0.0,0.0
992,266326,0.0,57.13,0.0,0.0
993,266337,0.0,NA,0.0,0.0
994,266361,0.0,114.26,0.0,0.0
995,266394,0.0,114.26,0.0,0.0
996,266417,0.0,152.54,0.0,0.0
997,266430,0.0,102.84,0.0,0.0
998,266463,0.0,342.79,0.0,0.0
999,266543,0.0,114.26,0.0,0.0
1000,266554,0.0,142.83,0.0,0.0
1001,266680,0.0,57.13,0.0,0.0
1002,266816,0.0,0.0,0.0,0.0
1003,266827,0.0,114.26,0.0,0.0
1004,266838,0.0,0.0,0.0,0.0
1005,266862,0.0,57.13,0.0,0.0
1006,266873,0.0,52.04,0.0,0.0
1007,266895,0.0,138.95,0.0,0.0
1008,266986,0.0,86.91,0.0,0.0
1009,267034,0.0,57.13,0.0,0.0
1010,267078,0.0,85.7,0.0,0.0
1011,267227,0.0,152.54,0.0,0.0
1012,267397,0.0,114.26,0.0,0.0
1013,267502,0.0,57.13,0.0,0.0
1014,267546,0.0,199.96,0.0,0.0
1015,267568,0.0,75.98,0.0,0.0
1016,267570,0.0,159.96,0.0,0.0
1017,267604,0.0,128.54,0.0,0.0
1018,267615,0.0,NA,0.0,0.0
1019,267626,0.0,45.7,0.0,0.0
1020,267637,0.0,95.34,0.0,0.0
1021,267650,0.0,57.13,0.0,0.0
1022,267672,0.0,0.0,0.0,0.0
1023,267796,0.0,106.49,0.0,0.0
1024,267808,0.0,91.4,0.0,0.0
1025,267810,0.0,85.7,0.0,0.0
1026,267843,0.0,0.0,0.0,0.0
1027,267945,0.0,156.12,0.0,0.0
1028,267967,0.0,0.0,0.0,0.0
1029,267978,0.0,0.0,0.0,0.0
1030,268061,0.0,57.13,0.0,0.0
1031,268595,0.0,114.26,0.0,0.0
1032,268618,0.0,157.11,0.0,0.0
1033,269111,0.0,91.4,0.0,0.0
1034,269257,0.0,57.13,0.0,0.0
1035,269394,0.0,118.75,0.0,0.0
1036,269417,0.0,0.0,0.0,0.0
1037,269441,0.0,NA,0.0,0.0
1038,269452,0.0,57.13,0.0,0.0
1039,269736,0.0,114.26,0.0,0.0
1040,269747,0.0,57.13,0.0,0.0
1041,269851,0.0,85.7,0.0,0.0
1042,269873,0.0,57.13,0.0,0.0
1043,269884,0.0,57.13,0.0,0.0
1044,269918,0.0,95.41,0.0,0.0
1045,269920,0.0,99.98,0.0,0.0
1046,269931,0.0,57.13,0.0,0.0
1047,269942,0.0,0.0,0.0,0.0
1048,269953,0.0,57.13,0.0,0.0
1049,270627,0.0,57.13,0.0,0.0
1050,270638,0.0,182.81,0.0,0.0
1051,270640,0.0,133.12,0.0,0.0
1052,270651,0.0,85.7,0.0,0.0
1053,270673,0.0,251.36,0.0,0.0
1054,270684,0.0,38.13,0.0,0.0
1055,270742,0.0,99.98,0.0,0.0
1056,270753,0.0,57.13,0.0,0.0
1057,270775,0.0,85.7,0.0,0.0
1058,270890,0.0,57.13,0.0,0.0
1059,270902,0.0,323.93,0.0,0.0
1060,270981,0.0,45.7,0.0,0.0
1061,270992,0.0,57.13,0.0,0.0
1062,271016,0.0,57.13,0.0,0.0
1063,271040,0.0,102.83,0.0,0.0
1064,271051,0.0,45.7,0.0,0.0
1065,271073,0.0,137.11,0.0,0.0
1066,271118,0.0,45.7,0.0,0.0
1067,271120,0.0,182.81,0.0,0.0
1068,271131,0.0,91.4,0.0,0.0
1069,271142,0.0,0.0,0.0,0.0
1070,271153,0.0,45.7,0.0,0.0
1071,271164,0.0,60.78,0.0,0.0
1072,271175,0.0,85.8,0.0,0.0
1073,271197,0.0,197.89,0.0,0.0
1074,271200,0.0,139.95,0.0,0.0
1075,271233,0.0,335.58,0.0,0.0
1076,271244,0.0,165.12,0.0,0.0
1077,271255,0.0,114.26,0.0,0.0
1078,271266,0.0,114.26,0.0,0.0
1079,271277,0.0,76.27,0.0,0.0
1080,271288,0.0,0.0,0.0,0.0
1081,271368,0.0,85.7,0.0,0.0
1082,271563,0.0,57.13,0.0,0.0
1083,271610,0.0,85.7,0.0,0.0
1084,271665,0.0,106.49,0.0,0.0
1085,271734,0.0,91.4,0.0,0.0
1086,271780,0.0,148.54,0.0,0.0
1087,271860,0.0,0.0,0.0,0.0
1088,271927,0.0,114.26,0.0,0.0
1089,271938,0.0,71.41,0.0,0.0
1090,271940,0.0,171.39,0.0,0.0
1091,271951,0.0,137.11,0.0,0.0
1092,272008,0.0,45.7,0.0,0.0
1093,272010,0.0,82.26,0.0,0.0
1094,272021,0.0,57.13,0.0,0.0
1095,272054,0.0,102.83,0.0,0.0
1096,272065,0.0,91.4,0.0,0.0
1097,272076,0.0,76.32,0.0,0.0
1098,272098,0.0,228.51,0.0,0.0
1099,272101,0.0,60.78,0.0,0.0
1100,272134,0.0,167.79,0.0,0.0
1101,272145,0.0,122.03,0.0,0.0
1102,272156,0.0,45.7,0.0,0.0
1103,272178,0.0,45.7,0.0,0.0
1104,272191,0.0,45.7,0.0,0.0
1105,272203,0.0,137.11,0.0,0.0
1106,272214,0.0,88.85,0.0,0.0
1107,272247,0.0,45.7,0.0,0.0
1108,272258,0.0,127.97,0.0,0.0
1109,272293,0.0,171.39,0.0,0.0
1110,272316,0.0,0.0,0.0,0.0
1111,272327,0.0,57.13,0.0,0.0
1112,272475,0.0,99.98,0.0,0.0
1113,272681,0.0,57.13,0.0,0.0
1114,272794,0.0,79.98,0.0,0.0
1115,272896,0.0,57.13,0.0,0.0
1116,272943,0.0,57.13,0.0,0.0
1117,273148,0.0,214.24,0.0,0.0
1118,273194,0.0,57.13,0.0,0.0
1119,273206,0.0,71.41,0.0,0.0
1120,273241,0.0,NA,0.0,0.0
1121,273263,0.0,0.0,0.0,0.0
1122,273274,0.0,85.7,0.0,0.0
1123,273285,0.0,57.13,0.0,0.0
1124,273321,0.0,102.84,0.0,0.0
1125,273662,0.0,95.41,0.0,0.0
1126,273695,0.0,57.13,0.0,0.0
1127,273718,0.0,79.98,0.0,0.0
1128,273797,0.0,133.12,0.0,0.0
1129,273811,0.0,91.4,0.0,0.0
1130,273866,0.0,57.13,0.0,0.0
1131,273888,0.0,171.39,0.0,0.0
1132,273913,0.0,NA,0.0,0.0
1133,273946,0.0,128.54,0.0,0.0
1134,273970,0.0,57.13,0.0,0.0
1135,273981,0.0,0.0,0.0,0.0
1136,273992,0.0,57.13,0.0,0.0
1137,274027,0.0,228.52,0.0,0.0
1138,274051,0.0,57.13,0.0,0.0
1139,274062,0.0,114.26,0.0,0.0
1140,274073,0.0,76.32,0.0,0.0
1141,274084,0.0,137.11,0.0,0.0
1142,274107,0.0,75.98,0.0,0.0
1143,274118,0.0,57.13,0.0,0.0
1144,274120,0.0,NA,0.0,0.0
1145,274131,0.0,159.97,0.0,0.0
1146,274142,0.0,68.55,0.0,0.0
1147,274164,0.0,NA,0.0,0.0
1148,274175,0.0,205.67,0.0,0.0
1149,274186,0.0,45.7,0.0,0.0
1150,274197,0.0,NA,0.0,0.0
1151,274211,0.0,114.26,0.0,0.0
1152,274244,0.0,182.82,0.0,0.0
1153,274290,0.0,156.12,0.0,0.0
1154,274302,0.0,57.13,0.0,0.0
1155,274313,0.0,57.13,0.0,0.0
1156,274461,0.0,57.13,0.0,0.0
1157,274596,0.0,0.0,0.0,0.0
1158,274610,0.0,85.7,0.0,0.0
1159,274621,0.0,NA,0.0,0.0
1160,274632,0.0,NA,0.0,0.0
1161,274654,0.0,57.13,0.0,0.0
1162,274676,0.0,95.41,0.0,0.0
1163,274858,0.0,91.41,0.0,0.0
1164,274882,0.0,57.13,0.0,0.0
1165,274905,0.0,114.26,0.0,0.0
1166,274916,0.0,57.13,0.0,0.0
1167,274984,0.0,124.9,0.0,0.0
1168,275008,0.0,57.13,0.0,0.0
1169,275087,0.0,57.13,0.0,0.0
1170,275098,0.0,60.78,0.0,0.0
1171,275134,0.0,57.13,0.0,0.0
1172,275258,0.0,57.13,0.0,0.0
1173,275260,0.0,114.26,0.0,0.0
1174,275395,0.0,0.0,0.0,0.0
1175,275418,0.0,0.0,0.0,0.0
1176,275464,0.0,57.13,0.0,0.0
1177,275486,NA,NA,NA,NA
1178,275497,0.0,85.7,0.0,0.0
1179,275533,0.0,114.26,0.0,0.0
1180,275555,0.0,52.04,0.0,0.0
1181,275566,0.0,57.13,0.0,0.0
1182,275588,0.0,57.13,0.0,0.0
1183,275602,0.0,118.83,0.0,0.0
1184,275668,0.0,125.68,0.0,0.0
1185,275670,0.0,63.68,0.0,0.0
1186,275748,0.0,57.13,0.0,0.0
1187,275783,0.0,102.84,0.0,0.0
1188,275806,0.0,136.35,0.0,0.0
1189,275828,0.0,57.13,0.0,0.0
1190,275863,0.0,157.11,0.0,0.0
1191,275932,0.0,57.13,0.0,0.0
1192,275998,0.0,0.0,0.0,0.0
1193,276013,0.0,114.26,0.0,0.0
1194,276035,0.0,114.26,0.0,0.0
1195,276046,0.0,152.54,0.0,0.0
1196,276068,0.0,57.13,0.0,0.0
1197,276070,0.0,57.13,0.0,0.0
1198,276081,0.0,45.7,0.0,0.0
1199,276092,0.0,76.32,0.0,0.0
1200,276104,0.0,114.26,0.0,0.0
1201,276115,0.0,114.26,0.0,0.0
1202,276228,0.0,38.13,0.0,0.0
1203,276241,0.0,75.98,0.0,0.0
1204,276252,0.0,133.12,0.0,0.0
1205,276296,0.0,57.13,0.0,0.0
1206,276332,0.0,75.98,0.0,0.0
1207,276376,0.0,57.13,0.0,0.0
1208,276401,0.0,45.7,0.0,0.0
1209,276423,0.0,0.0,0.0,0.0
1210,276445,0.0,45.7,0.0,0.0
1211,276456,0.0,NA,0.0,0.0
1212,276478,0.0,57.13,0.0,0.0
1213,276480,0.0,106.49,0.0,0.0
1214,276503,0.0,75.98,0.0,0.0
1215,276514,0.0,NA,0.0,0.0
1216,276525,0.0,68.55,0.0,0.0
1217,276558,0.0,60.78,0.0,0.0
1218,276605,0.0,91.4,0.0,0.0
1219,276616,0.0,171.39,0.0,0.0
1220,276627,0.0,114.26,0.0,0.0
1221,276651,0.0,45.7,0.0,0.0
1222,276673,0.0,45.7,0.0,0.0
1223,276684,0.0,106.49,0.0,0.0
1224,276718,0.0,118.83,0.0,0.0
1225,276720,0.0,60.78,0.0,0.0
1226,276731,0.0,45.7,0.0,0.0
1227,276742,0.0,45.7,0.0,0.0
1228,276968,0.0,57.13,0.0,0.0
1229,276992,0.0,75.98,0.0,0.0
1230,277040,0.0,85.8,0.0,0.0
1231,277051,0.0,57.13,0.0,0.0
1232,277062,0.0,57.13,0.0,0.0
1233,277084,0.0,57.13,0.0,0.0
1234,277118,0.0,45.7,0.0,0.0
1235,277175,0.0,79.98,0.0,0.0
1236,277197,0.0,76.27,0.0,0.0
1237,277211,0.0,0.0,0.0,0.0
1238,277222,0.0,331.34,0.0,0.0
1239,277233,0.0,259.13,0.0,0.0
1240,277244,0.0,91.4,0.0,0.0
1241,277255,0.0,NA,0.0,0.0
1242,277266,0.0,76.32,0.0,0.0
1243,277313,0.0,NA,0.0,0.0
1244,277324,0.0,128.54,0.0,0.0
1245,277335,0.0,57.13,0.0,0.0
1246,277346,0.0,57.13,0.0,0.0
1247,277415,0.0,0.0,0.0,0.0
1248,277426,0.0,104.08,0.0,0.0
1249,277437,0.0,228.52,0.0,0.0
1250,277448,0.0,171.39,0.0,0.0
1251,277450,0.0,52.04,0.0,0.0
1252,277472,0.0,57.13,0.0,0.0
1253,277585,0.0,228.52,0.0,0.0
1254,277621,0.0,45.7,0.0,0.0
1255,277712,0.0,85.7,0.0,0.0
1256,277734,0.0,68.55,0.0,0.0
1257,277756,0.0,0.0,0.0,0.0
1258,277791,0.0,68.55,0.0,0.0
1259,277814,0.0,190.25,0.0,0.0
1260,277825,0.0,0.0,0.0,0.0
1261,277836,0.0,247.38,0.0,0.0
1262,277847,0.0,125.68,0.0,0.0
1263,277858,0.0,85.7,0.0,0.0
1264,277860,0.0,125.69,0.0,0.0
1265,277882,0.0,152.19,0.0,0.0
1266,277905,0.0,242.81,0.0,0.0
1267,277916,0.0,228.52,0.0,0.0
1268,277927,0.0,85.7,0.0,0.0
1269,277938,0.0,75.98,0.0,0.0
1270,277940,0.0,57.13,0.0,0.0
1271,277962,0.0,57.13,0.0,0.0
1272,277984,0.0,85.7,0.0,0.0
1273,278008,0.0,399.92,0.0,0.0
1274,278043,0.0,82.26,0.0,0.0
1275,278054,0.0,45.7,0.0,0.0
1276,278065,0.0,76.32,0.0,0.0
1277,278098,0.0,114.26,0.0,0.0
1278,278145,0.0,57.13,0.0,0.0
1279,278178,0.0,NA,0.0,0.0
1280,278203,0.0,137.11,0.0,0.0
1281,278214,0.0,57.13,0.0,0.0
1282,278225,0.0,0.0,0.0,0.0
1283,278258,0.0,114.26,0.0,0.0
1284,278260,0.0,57.13,0.0,0.0
1285,278305,0.0,95.41,0.0,0.0
1286,278316,0.0,91.41,0.0,0.0
1287,278338,0.0,0.0,0.0,0.0
1288,278351,0.0,57.13,0.0,0.0
1289,278384,0.0,45.7,0.0,0.0
1290,278395,0.0,142.83,0.0,0.0
1291,278407,0.0,85.7,0.0,0.0
1292,278420,0.0,71.41,0.0,0.0
1293,278464,0.0,327.69,0.0,0.0
1294,278522,0.0,457.05,0.0,0.0
1295,278533,0.0,146.25,0.0,0.0
1296,278555,0.0,57.13,0.0,0.0
1297,278577,0.0,85.7,0.0,0.0
1298,278590,0.0,114.26,0.0,0.0
1299,278602,0.0,45.7,0.0,0.0
1300,278624,0.0,128.54,0.0,0.0
1301,278646,0.0,NA,0.0,0.0
1302,278772,0.0,45.7,0.0,0.0
1303,278806,0.0,85.7,0.0,0.0
1304,278910,0.0,125.68,0.0,0.0
1305,278921,0.0,91.4,0.0,0.0
1306,278932,0.0,95.41,0.0,0.0
1307,278943,0.0,75.98,0.0,0.0
1308,279252,0.0,228.52,0.0,0.0
1309,279263,0.0,52.04,0.0,0.0
1310,279296,0.0,119.97,0.0,0.0
1311,279332,0.0,104.08,0.0,0.0
1312,279365,0.0,71.41,0.0,0.0
1313,279376,0.0,95.24,0.0,0.0
1314,279401,0.0,52.04,0.0,0.0
1315,279456,0.0,114.4,0.0,0.0
1316,279467,0.0,122.03,0.0,0.0
1317,279480,0.0,69.79,0.0,0.0
1318,279491,0.0,160.17,0.0,0.0
1319,279514,0.0,114.4,0.0,0.0
1320,279525,0.0,57.2,0.0,0.0
1321,279558,0.0,38.13,0.0,0.0
1322,279560,0.0,114.4,0.0,0.0
1323,279582,0.0,76.27,0.0,0.0
1324,279651,0.0,95.0,0.0,0.0
1325,279731,0.0,128.54,0.0,0.0
1326,279742,0.0,57.13,0.0,0.0
1327,279753,0.0,91.4,0.0,0.0
1328,279786,0.0,91.4,0.0,0.0
1329,279797,0.0,57.13,0.0,0.0
1330,279811,0.0,137.11,0.0,0.0
1331,279822,0.0,45.7,0.0,0.0
1332,279833,0.0,75.98,0.0,0.0
1333,279844,0.0,100.55,0.0,0.0
1334,279913,0.0,99.98,0.0,0.0
1335,279935,0.0,71.41,0.0,0.0
1336,279992,0.0,0.0,0.0,0.0
1337,280006,0.0,57.13,0.0,0.0
1338,280041,0.0,0.0,0.0,0.0
1339,280108,0.0,45.7,0.0,0.0
1340,280110,0.0,0.0,0.0,0.0
1341,280121,0.0,61.02,0.0,0.0
1342,280132,0.0,45.7,0.0,0.0
1343,280176,0.0,114.26,0.0,0.0
1344,280314,0.0,57.13,0.0,0.0
1345,280347,0.0,57.13,0.0,0.0
1346,280393,0.0,57.13,0.0,0.0
1347,280405,0.0,68.55,0.0,0.0
1348,280416,0.0,0.0,0.0,0.0
1349,280473,0.0,57.13,0.0,0.0
1350,280507,0.0,114.26,0.0,0.0
1351,280575,0.0,57.13,0.0,0.0
1352,280600,0.0,57.13,0.0,0.0
1353,280622,0.0,157.11,0.0,0.0
1354,280644,0.0,106.49,0.0,0.0
1355,280655,0.0,45.7,0.0,0.0
1356,280666,0.0,91.4,0.0,0.0
1357,280688,0.0,57.13,0.0,0.0
1358,280724,0.0,76.32,0.0,0.0
1359,280746,0.0,137.11,0.0,0.0
1360,280781,0.0,57.13,0.0,0.0
1361,280804,0.0,0.0,0.0,0.0
1362,280826,0.0,76.32,0.0,0.0
1363,280848,0.0,91.4,0.0,0.0
1364,280850,0.0,83.64,0.0,0.0
1365,280861,0.0,NA,0.0,0.0
1366,280883,0.0,171.38,0.0,0.0
1367,280906,0.0,106.49,0.0,0.0
1368,280928,0.0,45.7,0.0,0.0
1369,281000,0.0,91.4,0.0,0.0
1370,281044,0.0,45.7,0.0,0.0
1371,281055,0.0,45.7,0.0,0.0
1372,281066,0.0,118.83,0.0,0.0
1373,281088,0.0,57.13,0.0,0.0
1374,281090,0.0,57.13,0.0,0.0
1375,281102,0.0,137.11,0.0,0.0
1376,281181,0.0,57.13,0.0,0.0
1377,281226,0.0,99.98,0.0,0.0
1378,281237,0.0,93.67,0.0,0.0
1379,281261,0.0,45.7,0.0,0.0
1380,281272,0.0,0.0,0.0,0.0
1381,281454,0.0,148.54,0.0,0.0
1382,281534,0.0,137.11,0.0,0.0
1383,281545,0.0,57.13,0.0,0.0
1384,281580,0.0,102.83,0.0,0.0
1385,281658,0.0,133.12,0.0,0.0
1386,281671,NA,NA,NA,NA
1387,281682,0.0,68.55,0.0,0.0
1388,281818,0.0,45.7,0.0,0.0
1389,281831,0.0,152.54,0.0,0.0
1390,281886,0.0,171.39,0.0,0.0
1391,281897,0.0,68.55,0.0,0.0
1392,281911,0.0,91.4,0.0,0.0
1393,281922,0.0,68.55,0.0,0.0
1394,281933,0.0,164.53,0.0,0.0
1395,281944,0.0,100.55,0.0,0.0
1396,281955,0.0,60.78,0.0,0.0
1397,281966,0.0,100.55,0.0,0.0
1398,281988,0.0,91.4,0.0,0.0
1399,282003,0.0,114.26,0.0,0.0
1400,282025,0.0,100.55,0.0,0.0
1401,282047,0.0,68.55,0.0,0.0
1402,282058,0.0,127.97,0.0,0.0
1403,282060,0.0,0.0,0.0,0.0
1404,282071,0.0,45.7,0.0,0.0
1405,282082,0.0,114.26,0.0,0.0
1406,282093,0.0,57.13,0.0,0.0
1407,282116,0.0,137.11,0.0,0.0
1408,282162,0.0,68.55,0.0,0.0
1409,282207,0.0,114.26,0.0,0.0
1410,282297,0.0,57.13,0.0,0.0
1411,282550,0.0,76.27,0.0,0.0
1412,282561,0.0,114.26,0.0,0.0
1413,282594,0.0,0.0,0.0,0.0
1414,282628,0.0,236.43,0.0,0.0
1415,282674,0.0,91.4,0.0,0.0
1416,282685,0.0,85.8,0.0,0.0
1417,282708,0.0,85.8,0.0,0.0
1418,282721,0.0,171.61,0.0,0.0
1419,282732,0.0,45.7,0.0,0.0
1420,282743,0.0,159.96,0.0,0.0
1421,282754,0.0,126.99,0.0,0.0
1422,282856,0.0,57.13,0.0,0.0
1423,282903,0.0,114.26,0.0,0.0
1424,282914,0.0,99.98,0.0,0.0
1425,282958,0.0,0.0,0.0,0.0
1426,282960,0.0,78.06,0.0,0.0
1427,282982,0.0,38.13,0.0,0.0
1428,283041,0.0,68.55,0.0,0.0
1429,283052,0.0,85.8,0.0,0.0
1430,283063,0.0,60.78,0.0,0.0
1431,283085,0.0,91.4,0.0,0.0
1432,283096,0.0,45.7,0.0,0.0
1433,283108,0.0,167.73,0.0,0.0
1434,283110,0.0,102.84,0.0,0.0
1435,283121,0.0,NA,0.0,0.0
1436,283132,0.0,91.4,0.0,0.0
1437,283143,0.0,85.7,0.0,0.0
1438,283198,0.0,45.7,0.0,0.0
1439,283201,0.0,45.7,0.0,0.0
1440,283256,0.0,155.39,0.0,0.0
1441,283347,0.0,78.06,0.0,0.0
1442,283382,0.0,68.55,0.0,0.0
1443,283462,0.0,114.26,0.0,0.0
1444,283518,0.0,60.78,0.0,0.0
1445,283575,0.0,125.68,0.0,0.0
1446,283586,0.0,114.26,0.0,0.0
1447,283666,0.0,95.41,0.0,0.0
1448,283690,0.0,45.7,0.0,0.0
1449,283702,0.0,45.7,0.0,0.0
1450,283724,0.0,164.53,0.0,0.0
1451,283735,0.0,106.49,0.0,0.0
1452,283746,0.0,83.64,0.0,0.0
1453,283768,0.0,73.12,0.0,0.0
1454,283815,0.0,57.13,0.0,0.0
1455,283837,0.0,45.7,0.0,0.0
1456,283848,0.0,57.13,0.0,0.0
1457,283861,0.0,114.26,0.0,0.0
1458,284033,0.0,57.13,0.0,0.0
1459,284077,0.0,228.52,0.0,0.0
1460,284146,0.0,57.13,0.0,0.0
1461,284168,0.0,57.13,0.0,0.0
1462,284204,0.0,57.13,0.0,0.0
1463,284215,0.0,76.32,0.0,0.0
1464,284250,0.0,82.26,0.0,0.0
1465,284328,0.0,73.12,0.0,0.0
1466,284341,0.0,57.13,0.0,0.0
1467,284352,0.0,102.83,0.0,0.0
1468,284363,0.0,0.0,0.0,0.0
1469,284476,0.0,57.13,0.0,0.0
1470,284487,0.0,85.7,0.0,0.0
1471,284501,0.0,190.67,0.0,0.0
1472,284512,0.0,128.54,0.0,0.0
1473,284523,0.0,85.7,0.0,0.0
1474,284567,0.0,75.98,0.0,0.0
1475,284603,0.0,57.13,0.0,0.0
1476,284705,0.0,85.7,0.0,0.0
1477,284738,0.0,171.39,0.0,0.0
1478,284762,0.0,95.41,0.0,0.0
1479,284773,0.0,NA,0.0,0.0
1480,284886,0.0,114.26,0.0,0.0
1481,284900,0.0,114.26,0.0,0.0
1482,284911,0.0,91.4,0.0,0.0
1483,284933,0.0,85.7,0.0,0.0
1484,284944,0.0,57.13,0.0,0.0
1485,284955,0.0,60.78,0.0,0.0
1486,284988,0.0,228.52,0.0,0.0
1487,284990,0.0,0.0,0.0,0.0
1488,285025,0.0,171.39,0.0,0.0
1489,285058,0.0,NA,0.0,0.0
1490,285071,0.0,57.13,0.0,0.0
1491,285093,0.0,76.32,0.0,0.0
1492,285140,0.0,45.7,0.0,0.0
1493,285162,0.0,109.69,0.0,0.0
1494,285184,0.0,239.94,0.0,0.0
1495,285264,0.0,91.4,0.0,0.0
1496,285333,0.0,76.32,0.0,0.0
1497,285344,0.0,45.7,0.0,0.0
1498,285355,0.0,91.4,0.0,0.0
1499,285366,0.0,171.38,0.0,0.0
1500,285377,0.0,NA,0.0,0.0
1501,285388,0.0,57.2,0.0,0.0
1502,285424,NA,NA,NA,NA
1503,285435,0.0,133.47,0.0,0.0
1504,285446,0.0,0.0,0.0,0.0
1505,285468,0.0,167.73,0.0,0.0
1506,285504,0.0,157.11,0.0,0.0
1507,285515,0.0,428.48,0.0,0.0
1508,285550,0.0,95.41,0.0,0.0
1509,285856,0.0,171.39,0.0,0.0
1510,285914,0.0,57.13,0.0,0.0
1511,285971,0.0,129.34,0.0,0.0
1512,285982,0.0,57.13,0.0,0.0
1513,286028,0.0,83.64,0.0,0.0
1514,286085,0.0,114.26,0.0,0.0
1515,286096,0.0,45.7,0.0,0.0
1516,286108,0.0,146.25,0.0,0.0
1517,286154,0.0,36.07,0.0,0.0
1518,286223,0.0,63.68,0.0,0.0
1519,286267,0.0,68.55,0.0,0.0
1520,286462,0.0,0.0,0.0,0.0
1521,286473,0.0,0.0,0.0,0.0
1522,286495,0.0,57.13,0.0,0.0
1523,286507,0.0,205.67,0.0,0.0
1524,286518,0.0,171.39,0.0,0.0
1525,286531,0.0,123.97,0.0,0.0
1526,286586,0.0,57.13,0.0,0.0
1527,286597,0.0,142.83,0.0,0.0
1528,286600,0.0,171.39,0.0,0.0
1529,286611,0.0,118.83,0.0,0.0
1530,286633,0.0,0.0,0.0,0.0
1531,286644,0.0,91.4,0.0,0.0
1532,286655,0.0,114.26,0.0,0.0
1533,286666,0.0,45.7,0.0,0.0
1534,286677,0.0,91.4,0.0,0.0
1535,286690,0.0,91.4,0.0,0.0
1536,286702,0.0,53.39,0.0,0.0
1537,286781,0.0,114.26,0.0,0.0
1538,286826,0.0,76.27,0.0,0.0
1539,286837,0.0,109.69,0.0,0.0
1540,286848,0.0,60.78,0.0,0.0
1541,286850,0.0,137.11,0.0,0.0
1542,286883,0.0,114.26,0.0,0.0
1543,286894,0.0,114.26,0.0,0.0
1544,286941,0.0,184.19,0.0,0.0
1545,286952,0.0,114.26,0.0,0.0
1546,286963,0.0,85.8,0.0,0.0
1547,286974,0.0,0.0,0.0,0.0
1548,286985,0.0,178.09,0.0,0.0
1549,286996,0.0,0.0,0.0,0.0
1550,287022,0.0,114.4,0.0,0.0
1551,287102,0.0,57.13,0.0,0.0
1552,287113,0.0,99.98,0.0,0.0
1553,287124,0.0,85.7,0.0,0.0
1554,287170,0.0,114.26,0.0,0.0
1555,287181,0.0,47.67,0.0,0.0
1556,287294,0.0,114.26,0.0,0.0
1557,287317,0.0,45.7,0.0,0.0
1558,287396,0.0,156.12,0.0,0.0
1559,287408,0.0,57.13,0.0,0.0
1560,287410,0.0,85.7,0.0,0.0
1561,287443,0.0,57.13,0.0,0.0
1562,287465,0.0,57.13,0.0,0.0
1563,287476,0.0,45.7,0.0,0.0
1564,287487,0.0,NA,0.0,0.0
1565,287498,0.0,114.26,0.0,0.0
1566,287545,0.0,59.38,0.0,0.0
1567,287556,0.0,57.13,0.0,0.0
1568,287567,0.0,91.4,0.0,0.0
1569,287716,0.0,0.0,0.0,0.0
1570,287762,0.0,101.82,0.0,0.0
1571,287795,0.0,0.0,0.0,0.0
1572,287807,0.0,36.07,0.0,0.0
1573,287831,0.0,115.42,0.0,0.0
1574,287875,0.0,NA,0.0,0.0
1575,287933,0.0,63.12,0.0,0.0
1576,287944,0.0,64.92,0.0,0.0
1577,288014,0.0,57.13,0.0,0.0
1578,288025,0.0,122.03,0.0,0.0
1579,288036,0.0,38.13,0.0,0.0
1580,288047,0.0,101.82,0.0,0.0
1581,288060,0.0,0.0,0.0,0.0
1582,288082,0.0,57.13,0.0,0.0
1583,288093,0.0,114.26,0.0,0.0
1584,288116,0.0,95.34,0.0,0.0
1585,288127,0.0,197.89,0.0,0.0
1586,288138,0.0,57.13,0.0,0.0
1587,288162,0.0,114.26,0.0,0.0
1588,288173,0.0,137.11,0.0,0.0
1589,288195,0.0,38.13,0.0,0.0
1590,288207,0.0,45.7,0.0,0.0
1591,288218,0.0,45.7,0.0,0.0
1592,288264,0.0,60.78,0.0,0.0
1593,288275,0.0,99.17,0.0,0.0
1594,288297,0.0,85.7,0.0,0.0
1595,288333,0.0,45.7,0.0,0.0
1596,288344,0.0,133.47,0.0,0.0
1597,288390,0.0,36.07,0.0,0.0
1598,288413,0.0,187.56,0.0,0.0
1599,288572,0.0,0.0,0.0,0.0
1600,288594,0.0,45.7,0.0,0.0
1601,288606,0.0,137.11,0.0,0.0
1602,288617,0.0,114.26,0.0,0.0
1603,288628,0.0,95.41,0.0,0.0
1604,288652,0.0,100.55,0.0,0.0
1605,288663,0.0,95.34,0.0,0.0
1606,288685,0.0,114.26,0.0,0.0
1607,288696,0.0,137.11,0.0,0.0
1608,288708,0.0,38.13,0.0,0.0
1609,288721,0.0,219.27,0.0,0.0
1610,288732,0.0,57.2,0.0,0.0
1611,288743,NA,NA,NA,NA
1612,288754,0.0,85.8,0.0,0.0
1613,288765,0.0,38.13,0.0,0.0
1614,288798,0.0,228.52,0.0,0.0
1615,288801,0.0,68.55,0.0,0.0
1616,288812,0.0,91.4,0.0,0.0
1617,288834,0.0,57.13,0.0,0.0
1618,288845,0.0,95.41,0.0,0.0
1619,288880,0.0,155.39,0.0,0.0
1620,288891,0.0,95.41,0.0,0.0
1621,288936,0.0,0.0,0.0,0.0
1622,288958,0.0,57.13,0.0,0.0
1623,288971,0.0,57.13,0.0,0.0
1624,288982,0.0,57.13,0.0,0.0
1625,288993,0.0,91.4,0.0,0.0
1626,289006,0.0,114.26,0.0,0.0
1627,289028,0.0,57.13,0.0,0.0
1628,289030,0.0,0.0,0.0,0.0
1629,289041,0.0,91.4,0.0,0.0
1630,289052,0.0,0.0,0.0,0.0
1631,289063,0.0,171.39,0.0,0.0
1632,289096,0.0,45.7,0.0,0.0
1633,289110,0.0,68.55,0.0,0.0
1634,289121,NA,NA,NA,NA
1635,289143,0.0,52.04,0.0,0.0
1636,289165,0.0,85.7,0.0,0.0
1637,289201,NA,NA,NA,NA
1638,289212,0.0,78.06,0.0,0.0
1639,289223,0.0,57.13,0.0,0.0
1640,289291,0.0,57.13,0.0,0.0
1641,289303,0.0,0.0,0.0,0.0
1642,289347,0.0,45.7,0.0,0.0
1643,289371,0.0,76.27,0.0,0.0
1644,289382,0.0,0.0,0.0,0.0
1645,289416,0.0,38.13,0.0,0.0
1646,289427,0.0,91.4,0.0,0.0
1647,289440,0.0,91.4,0.0,0.0
1648,289451,0.0,57.13,0.0,0.0
1649,289462,0.0,85.7,0.0,0.0
1650,289473,0.0,104.55,0.0,0.0
1651,289495,0.0,76.32,0.0,0.0
1652,289507,0.0,71.41,0.0,0.0
1653,289518,0.0,91.4,0.0,0.0
1654,289531,0.0,146.06,0.0,0.0
1655,289542,0.0,36.07,0.0,0.0
1656,289553,0.0,0.0,0.0,0.0
1657,289564,0.0,133.47,0.0,0.0
1658,289586,0.0,38.13,0.0,0.0
1659,289597,0.0,173.67,0.0,0.0
1660,289600,0.0,68.55,0.0,0.0
1661,289622,0.0,129.66,0.0,0.0
1662,289644,0.0,91.4,0.0,0.0
1663,289655,0.0,45.7,0.0,0.0
1664,289688,0.0,45.7,0.0,0.0
1665,289690,0.0,38.13,0.0,0.0
1666,289713,0.0,45.7,0.0,0.0
1667,289724,0.0,60.78,0.0,0.0
1668,289735,0.0,76.32,0.0,0.0
1669,289746,0.0,114.4,0.0,0.0
1670,289768,0.0,114.26,0.0,0.0
1671,289770,0.0,125.68,0.0,0.0
1672,289781,0.0,0.0,0.0,0.0
1673,289792,0.0,57.13,0.0,0.0
1674,289804,0.0,57.13,0.0,0.0
1675,289815,0.0,75.98,0.0,0.0
1676,289837,0.0,45.7,0.0,0.0
1677,289848,0.0,NA,0.0,0.0
1678,289861,NA,NA,NA,NA
1679,289883,0.0,0.0,0.0,0.0
1680,289906,0.0,45.7,0.0,0.0
1681,289917,0.0,125.68,0.0,0.0
1682,289928,0.0,83.64,0.0,0.0
1683,289930,0.0,45.7,0.0,0.0
1684,289941,0.0,0.0,0.0,0.0
1685,289952,0.0,45.7,0.0,0.0
1686,289963,0.0,57.13,0.0,0.0
1687,289985,0.0,NA,0.0,0.0
1688,289996,0.0,102.84,0.0,0.0
1689,290034,0.0,91.4,0.0,0.0
1690,290056,0.0,95.41,0.0,0.0
1691,290067,0.0,45.7,0.0,0.0
1692,290078,0.0,159.96,0.0,0.0
1693,290080,0.0,68.64,0.0,0.0
1694,290091,0.0,69.79,0.0,0.0
1695,290103,0.0,45.7,0.0,0.0
1696,290114,0.0,68.55,0.0,0.0
1697,290125,0.0,57.13,0.0,0.0
1698,290136,0.0,85.7,0.0,0.0
1699,290147,0.0,114.26,0.0,0.0
1700,290158,0.0,45.7,0.0,0.0
1701,290160,0.0,83.27,0.0,0.0
1702,290171,0.0,106.49,0.0,0.0
1703,290182,0.0,68.55,0.0,0.0
1704,290193,0.0,68.55,0.0,0.0
1705,290205,0.0,128.54,0.0,0.0
1706,290216,0.0,68.55,0.0,0.0
1707,290240,0.0,104.08,0.0,0.0
1708,290251,0.0,57.13,0.0,0.0
1709,290262,0.0,114.26,0.0,0.0
1710,290273,0.0,91.41,0.0,0.0
1711,290284,0.0,193.07,0.0,0.0
1712,290295,0.0,218.81,0.0,0.0
1713,290307,0.0,142.83,0.0,0.0
1714,290320,0.0,102.84,0.0,0.0
1715,290331,0.0,128.54,0.0,0.0
1716,290342,0.0,95.41,0.0,0.0
1717,290364,0.0,205.67,0.0,0.0
1718,290375,0.0,152.54,0.0,0.0
1719,290386,0.0,171.39,0.0,0.0
1720,290397,0.0,0.0,0.0,0.0
1721,290433,0.0,214.24,0.0,0.0
1722,290444,0.0,185.68,0.0,0.0
1723,290455,0.0,137.11,0.0,0.0
1724,290466,0.0,68.55,0.0,0.0
1725,290488,0.0,114.26,0.0,0.0
1726,290490,0.0,159.96,0.0,0.0
1727,290502,0.0,79.98,0.0,0.0
1728,290513,0.0,276.48,0.0,0.0
1729,290524,0.0,102.83,0.0,0.0
1730,290535,0.0,63.98,0.0,0.0
1731,290546,0.0,109.69,0.0,0.0
1732,290570,0.0,182.81,0.0,0.0
1733,290604,0.0,182.81,0.0,0.0
1734,290650,0.0,0.0,0.0,0.0
1735,290694,0.0,75.98,0.0,0.0
1736,290706,0.0,61.02,0.0,0.0
1737,290717,0.0,71.41,0.0,0.0
1738,290728,0.0,85.7,0.0,0.0
1739,290730,0.0,57.13,0.0,0.0
1740,290741,0.0,57.13,0.0,0.0
1741,290752,0.0,102.84,0.0,0.0
1742,290785,0.0,45.7,0.0,0.0
1743,290796,0.0,118.6,0.0,0.0
1744,290810,0.0,45.7,0.0,0.0
1745,290832,0.0,38.13,0.0,0.0
1746,290843,0.0,57.13,0.0,0.0
1747,290854,0.0,0.0,0.0,0.0
1748,290912,0.0,85.7,0.0,0.0
1749,290934,0.0,68.55,0.0,0.0
1750,290945,0.0,45.7,0.0,0.0
1751,291026,0.0,125.68,0.0,0.0
1752,291106,0.0,0.0,0.0,0.0
1753,291117,0.0,182.81,0.0,0.0
1754,291128,0.0,91.4,0.0,0.0
1755,291174,0.0,57.13,0.0,0.0
1756,291185,0.0,57.13,0.0,0.0
1757,291196,0.0,95.41,0.0,0.0
1758,291208,0.0,38.13,0.0,0.0
1759,291221,0.0,102.84,0.0,0.0
1760,291232,0.0,0.0,0.0,0.0
1761,291254,0.0,38.13,0.0,0.0
1762,291265,0.0,182.81,0.0,0.0
1763,291276,0.0,60.78,0.0,0.0
1764,291287,0.0,60.78,0.0,0.0
1765,291301,0.0,45.7,0.0,0.0
1766,291312,NA,NA,NA,NA
1767,291323,0.0,148.53,0.0,0.0
1768,291334,0.0,228.52,0.0,0.0
1769,291345,NA,NA,NA,NA
1770,291356,0.0,NA,0.0,0.0
1771,291378,0.0,45.7,0.0,0.0
1772,291391,0.0,152.19,0.0,0.0
1773,291403,0.0,91.4,0.0,0.0
1774,291904,0.0,85.7,0.0,0.0
1775,291937,0.0,114.26,0.0,0.0
1776,291950,NA,NA,NA,NA
1777,291961,0.0,76.27,0.0,0.0
1778,291972,0.0,88.85,0.0,0.0
1779,292018,0.0,143.0,0.0,0.0
1780,292020,0.0,57.2,0.0,0.0
1781,292031,0.0,122.03,0.0,0.0
1782,292042,0.0,101.82,0.0,0.0
1783,292064,0.0,101.82,0.0,0.0
1784,292075,0.0,104.87,0.0,0.0
1785,292086,0.0,159.96,0.0,0.0
1786,292097,0.0,68.55,0.0,0.0
1787,292100,0.0,50.72,0.0,0.0
1788,292111,0.0,0.0,0.0,0.0
1789,292133,0.0,88.85,0.0,0.0
1790,292144,0.0,106.78,0.0,0.0
1791,292155,0.0,106.78,0.0,0.0
1792,292166,0.0,122.03,0.0,0.0
1793,292177,NA,NA,NA,NA
1794,292188,0.0,68.55,0.0,0.0
1795,292190,0.0,NA,0.0,0.0
1796,292202,0.0,114.26,0.0,0.0
1797,292224,0.0,68.64,0.0,0.0
1798,292235,0.0,50.72,0.0,0.0
1799,292246,0.0,101.82,0.0,0.0
1800,292268,0.0,38.13,0.0,0.0
1801,292270,0.0,91.52,0.0,0.0
1802,292281,0.0,38.13,0.0,0.0
1803,292290,0.0,57.2,0.0,0.0
1804,292292,0.0,45.7,0.0,0.0
1805,292304,0.0,137.11,0.0,0.0
1806,292315,0.0,137.28,0.0,0.0
1807,292326,0.0,45.7,0.0,0.0
1808,292337,0.0,66.74,0.0,0.0
1809,292348,0.0,76.27,0.0,0.0
1810,292350,NA,NA,NA,NA
1811,292372,0.0,60.78,0.0,0.0
1812,292383,0.0,68.55,0.0,0.0
1813,292417,0.0,106.49,0.0,0.0
1814,292430,0.0,114.26,0.0,0.0
1815,292441,0.0,104.66,0.0,0.0
1816,292474,0.0,79.98,0.0,0.0
1817,292485,0.0,76.27,0.0,0.0
1818,292496,0.0,45.7,0.0,0.0
1819,292508,0.0,0.0,0.0,0.0
1820,292532,0.0,0.0,0.0,0.0
1821,292543,0.0,57.13,0.0,0.0
1822,292554,0.0,45.7,0.0,0.0
1823,292565,0.0,91.4,0.0,0.0
1824,292576,0.0,271.37,0.0,0.0
1825,292601,0.0,45.7,0.0,0.0
1826,292634,0.0,75.98,0.0,0.0
1827,292667,0.0,68.55,0.0,0.0
1828,292703,0.0,57.13,0.0,0.0
1829,292736,0.0,162.07,0.0,0.0
1830,292760,0.0,91.4,0.0,0.0
1831,292771,0.0,57.13,0.0,0.0
1832,292793,0.0,85.7,0.0,0.0
1833,292805,0.0,45.7,0.0,0.0
1834,292816,0.0,114.26,0.0,0.0
1835,292838,0.0,83.9,0.0,0.0
1836,292840,0.0,99.19,0.0,0.0
1837,292862,0.0,108.21,0.0,0.0
1838,292873,NA,NA,NA,NA
1839,292884,0.0,68.55,0.0,0.0
1840,292895,0.0,38.13,0.0,0.0
1841,292907,0.0,0.0,0.0,0.0
1842,292918,0.0,45.7,0.0,0.0
1843,292931,0.0,57.13,0.0,0.0
1844,292953,0.0,57.13,0.0,0.0
1845,292997,NA,NA,NA,NA
1846,293001,0.0,171.39,0.0,0.0
1847,293034,0.0,0.0,0.0,0.0
1848,293056,0.0,91.4,0.0,0.0
1849,293067,0.0,0.0,0.0,0.0
1850,293080,0.0,57.13,0.0,0.0
1851,293091,0.0,85.7,0.0,0.0
1852,293103,0.0,57.13,0.0,0.0
1853,293114,0.0,45.7,0.0,0.0
1854,293125,0.0,57.13,0.0,0.0
1855,293136,0.0,91.4,0.0,0.0
1856,293160,0.0,171.38,0.0,0.0
1857,293171,0.0,76.27,0.0,0.0
1858,293193,0.0,66.74,0.0,0.0
1859,293205,0.0,0.0,0.0,0.0
1860,293227,0.0,125.68,0.0,0.0
1861,293238,0.0,114.4,0.0,0.0
1862,293240,0.0,76.27,0.0,0.0
1863,293262,0.0,0.0,0.0,0.0
1864,293284,0.0,85.7,0.0,0.0
1865,293295,0.0,57.13,0.0,0.0
1866,293307,0.0,79.98,0.0,0.0
1867,293318,0.0,114.26,0.0,0.0
1868,293320,0.0,117.22,0.0,0.0
1869,293353,0.0,128.54,0.0,0.0
1870,293375,0.0,76.27,0.0,0.0
1871,293386,0.0,0.0,0.0,0.0
1872,293400,NA,NA,NA,NA
1873,293411,0.0,57.13,0.0,0.0
1874,293433,0.0,91.4,0.0,0.0
1875,293455,0.0,0.0,0.0,0.0
1876,293466,0.0,190.25,0.0,0.0
1877,293488,0.0,114.4,0.0,0.0
1878,293524,0.0,0.0,0.0,0.0
1879,293557,NA,NA,NA,NA
1880,293568,0.0,165.12,0.0,0.0
1881,293581,0.0,266.94,0.0,0.0
1882,293615,0.0,88.85,0.0,0.0
1883,293626,0.0,219.27,0.0,0.0
1884,293637,0.0,114.4,0.0,0.0
1885,293648,0.0,152.54,0.0,0.0
1886,293650,0.0,38.13,0.0,0.0
1887,293683,0.0,114.4,0.0,0.0
1888,293694,0.0,297.07,0.0,0.0
1889,293706,0.0,126.99,0.0,0.0
1890,293717,0.0,114.4,0.0,0.0
1891,293730,0.0,76.27,0.0,0.0
1892,293741,0.0,38.13,0.0,0.0
1893,293774,0.0,NA,0.0,0.0
1894,293785,NA,NA,NA,NA
1895,293843,0.0,178.13,0.0,0.0
1896,293865,0.0,85.7,0.0,0.0
1897,294493,0.0,57.13,0.0,0.0
1898,294505,0.0,114.26,0.0,0.0
1899,294527,0.0,45.7,0.0,0.0
1900,294540,0.0,95.41,0.0,0.0
1901,294562,0.0,76.32,0.0,0.0
1902,294573,0.0,NA,0.0,0.0
1903,294584,0.0,85.7,0.0,0.0
1904,294595,0.0,57.13,0.0,0.0
1905,294607,0.0,91.4,0.0,0.0
1906,294618,0.0,114.26,0.0,0.0
1907,294620,0.0,91.4,0.0,0.0
1908,294653,NA,NA,NA,NA
1909,294664,0.0,85.7,0.0,0.0
1910,294675,0.0,57.13,0.0,0.0
1911,294686,0.0,159.96,0.0,0.0
1912,294744,0.0,178.13,0.0,0.0
1913,294755,0.0,114.26,0.0,0.0
1914,294790,0.0,75.98,0.0,0.0
1915,294802,0.0,57.13,0.0,0.0
1916,294813,0.0,57.13,0.0,0.0
1917,294824,0.0,262.8,0.0,0.0
1918,294835,0.0,304.51,0.0,0.0
1919,294846,0.0,114.4,0.0,0.0
1920,294857,0.0,304.84,0.0,0.0
1921,294868,0.0,57.13,0.0,0.0
1922,294870,0.0,228.51,0.0,0.0
1923,294881,0.0,159.97,0.0,0.0
1924,294892,0.0,259.13,0.0,0.0
1925,294926,0.0,142.83,0.0,0.0
1926,294937,0.0,114.26,0.0,0.0
1927,294948,0.0,399.92,0.0,0.0
1928,294961,0.0,152.54,0.0,0.0
1929,294972,0.0,57.13,0.0,0.0
1930,294983,0.0,57.2,0.0,0.0
1931,294994,0.0,57.13,0.0,0.0
1932,295007,0.0,76.32,0.0,0.0
1933,295042,0.0,133.47,0.0,0.0
1934,295111,0.0,118.75,0.0,0.0
1935,295122,NA,NA,NA,NA
1936,295155,0.0,152.54,0.0,0.0
1937,295166,0.0,157.11,0.0,0.0
1938,295235,0.0,122.03,0.0,0.0
1939,295268,0.0,75.98,0.0,0.0
1940,295279,0.0,102.84,0.0,0.0
1941,295292,0.0,114.26,0.0,0.0
1942,295315,0.0,0.0,0.0,0.0
1943,295337,0.0,75.98,0.0,0.0
1944,295350,0.0,45.7,0.0,0.0
1945,295361,0.0,68.55,0.0,0.0
1946,295372,0.0,91.4,0.0,0.0
1947,295383,0.0,0.0,0.0,0.0
1948,295428,0.0,57.13,0.0,0.0
1949,295430,0.0,57.13,0.0,0.0
1950,295441,0.0,0.0,0.0,0.0
1951,295452,0.0,57.13,0.0,0.0
1952,295463,0.0,85.7,0.0,0.0
1953,295496,0.0,156.12,0.0,0.0
1954,295510,0.0,130.1,0.0,0.0
1955,295521,0.0,57.13,0.0,0.0
1956,295565,0.0,102.84,0.0,0.0
1957,295587,0.0,114.26,0.0,0.0
1958,295598,0.0,57.13,0.0,0.0
1959,295601,0.0,0.0,0.0,0.0
1960,295612,NA,NA,NA,NA
1961,295623,0.0,45.7,0.0,0.0
1962,295634,0.0,144.91,0.0,0.0
1963,295656,0.0,50.72,0.0,0.0
1964,295667,0.0,63.68,0.0,0.0
1965,295678,0.0,148.53,0.0,0.0
1966,295680,0.0,47.67,0.0,0.0
1967,295691,0.0,76.27,0.0,0.0
1968,295703,0.0,38.13,0.0,0.0
1969,295714,0.0,88.85,0.0,0.0
1970,295873,0.0,85.7,0.0,0.0
1971,295884,0.0,57.13,0.0,0.0
1972,295920,0.0,0.0,0.0,0.0
1973,295997,0.0,57.13,0.0,0.0
1974,296023,0.0,45.7,0.0,0.0
1975,296034,0.0,166.53,0.0,0.0
1976,296056,0.0,122.03,0.0,0.0
1977,296067,0.0,75.98,0.0,0.0
1978,296160,0.0,171.39,0.0,0.0
1979,296227,0.0,95.41,0.0,0.0
1980,296251,0.0,85.7,0.0,0.0
1981,296320,0.0,214.24,0.0,0.0
1982,296353,NA,NA,NA,NA
1983,296433,0.0,128.54,0.0,0.0
1984,296455,0.0,52.04,0.0,0.0
1985,296466,0.0,57.13,0.0,0.0
1986,296488,0.0,104.87,0.0,0.0
1987,296490,NA,NA,NA,NA
1988,296502,NA,NA,NA,NA
1989,296821,NA,NA,NA,NA
1990,296854,NA,NA,NA,NA
1991,296912,NA,NA,NA,NA
1992,296923,0.0,57.13,0.0,0.0
1993,296934,0.0,65.05,0.0,0.0
1994,297015,0.0,89.06,0.0,0.0
1995,297026,0.0,57.13,0.0,0.0
1996,297037,0.0,NA,0.0,0.0
1997,297048,0.0,73.7,0.0,0.0
1998,297083,0.0,57.71,0.0,0.0
1999,297094,0.0,54.1,0.0,0.0
2000,297117,0.0,36.07,0.0,0.0
2001,297128,0.0,108.21,0.0,0.0
2002,297130,0.0,99.19,0.0,0.0
2003,297367,0.0,59.38,0.0,0.0
2004,297380,0.0,114.4,0.0,0.0
2005,297391,0.0,76.27,0.0,0.0
2006,297403,0.0,76.27,0.0,0.0
2007,297414,0.0,38.13,0.0,0.0
2008,297436,0.0,95.34,0.0,0.0
2009,297447,0.0,66.74,0.0,0.0
2010,297460,0.0,85.7,0.0,0.0
2011,297516,NA,NA,NA,NA
2012,297527,0.0,38.13,0.0,0.0
2013,297538,0.0,91.4,0.0,0.0
2014,297620,0.0,138.34,0.0,0.0
2015,297631,0.0,76.32,0.0,0.0
2016,297846,0.0,57.13,0.0,0.0
2017,297868,0.0,65.05,0.0,0.0
2018,297892,0.0,91.4,0.0,0.0
2019,297904,0.0,90.17,0.0,0.0
2020,297915,0.0,122.03,0.0,0.0
2021,297926,0.0,36.07,0.0,0.0
2022,297937,0.0,132.37,0.0,0.0
2023,297948,0.0,180.34,0.0,0.0
2024,297950,NA,NA,NA,NA
2025,297961,0.0,36.07,0.0,0.0
2026,297972,0.0,36.07,0.0,0.0
2027,297994,0.0,181.14,0.0,0.0
2028,298100,0.0,187.35,0.0,0.0
2029,298111,0.0,NA,0.0,0.0
2030,298166,NA,NA,NA,NA
2031,298190,NA,NA,NA,NA
2032,298268,0.0,152.54,0.0,0.0
2033,298281,NA,NA,NA,NA
2034,298337,0.0,57.13,0.0,0.0
2035,298372,0.0,45.7,0.0,0.0
2036,298406,0.0,85.8,0.0,0.0
2037,298565,0.0,45.7,0.0,0.0
2038,298576,0.0,79.98,0.0,0.0
2039,298623,0.0,137.11,0.0,0.0
2040,298634,0.0,102.83,0.0,0.0
2041,298645,0.0,91.4,0.0,0.0
2042,298656,0.0,148.53,0.0,0.0
2043,298667,0.0,137.11,0.0,0.0
2044,298678,0.0,76.32,0.0,0.0
2045,298680,0.0,114.4,0.0,0.0
2046,298691,0.0,143.0,0.0,0.0
2047,298703,0.0,95.34,0.0,0.0
2048,298714,NA,NA,NA,NA
2049,298725,0.0,63.68,0.0,0.0
2050,298736,0.0,59.38,0.0,0.0
2051,298747,NA,NA,NA,NA
2052,298758,0.0,114.4,0.0,0.0
2053,298760,0.0,122.03,0.0,0.0
2054,298771,0.0,91.4,0.0,0.0
2055,298782,0.0,85.8,0.0,0.0
2056,298805,0.0,171.38,0.0,0.0
2057,298816,0.0,114.4,0.0,0.0
2058,298873,0.0,123.94,0.0,0.0
2059,298896,0.0,45.7,0.0,0.0
2060,298907,0.0,38.13,0.0,0.0
2061,298918,NA,NA,NA,NA
2062,298976,0.0,57.13,0.0,0.0
2063,299012,0.0,57.13,0.0,0.0
2064,299034,NA,NA,NA,NA
2065,299045,0.0,57.13,0.0,0.0
2066,299056,NA,NA,NA,NA
2067,299078,0.0,85.8,0.0,0.0
2068,299079,0.0,72.14,0.0,0.0
2069,299081,0.0,88.85,0.0,0.0
2070,299082,0.0,72.14,0.0,0.0
2071,299083,0.0,38.13,0.0,0.0
2072,299084,0.0,104.87,0.0,0.0
2073,299085,0.0,114.4,0.0,0.0
2074,299086,0.0,72.14,0.0,0.0
2075,299087,0.0,106.78,0.0,0.0
2076,299088,0.0,36.07,0.0,0.0
2077,299090,0.0,74.22,0.0,0.0
2078,299091,0.0,57.13,0.0,0.0
2079,299092,0.0,NA,0.0,0.0
2080,299094,0.0,0.0,0.0,0.0
2081,299095,NA,NA,NA,NA
2082,299096,NA,NA,NA,NA
2083,299097,NA,NA,NA,NA
2084,299098,NA,NA,NA,NA
2085,299101,NA,NA,NA,NA
2086,299102,NA,NA,NA,NA
2087,299104,0.0,108.21,0.0,0.0
2088,299107,NA,NA,NA,NA
2089,299109,NA,NA,NA,NA
2090,299111,NA,NA,NA,NA
2091,299112,NA,NA,NA,NA
2092,299114,NA,NA,NA,NA
2093,299115,NA,NA,NA,NA
2094,299116,NA,NA,NA,NA
2095,299117,NA,NA,NA,NA
2096,299118,0.0,67.09,0.0,0.0
2097,299119,0.0,38.13,0.0,0.0
2098,299120,0.0,0.0,0.0,0.0
2099,299121,0.0,63.68,0.0,0.0
2100,299122,0.0,57.13,0.0,0.0
2101,299123,0.0,85.7,0.0,0.0
2102,299124,0.0,59.38,0.0,0.0
2103,299125,0.0,171.39,0.0,0.0
2104,299133,NA,NA,NA,NA
2105,299134,0.0,0.0,0.0,0.0
2106,299135,NA,NA,NA,NA
2107,299136,0.0,93.78,0.0,0.0
2108,299140,0.0,139.95,0.0,0.0
2109,299141,NA,NA,NA,NA
2110,299142,NA,NA,NA,NA
2111,299143,0.0,71.41,0.0,0.0
2112,299144,0.0,68.55,0.0,0.0
2113,299145,0.0,36.07,0.0,0.0
2114,299146,0.0,63.68,0.0,0.0
2115,299147,0.0,38.13,0.0,0.0
2116,299148,0.0,143.0,0.0,0.0
2117,299149,0.0,78.06,0.0,0.0
2118,299150,0.0,81.16,0.0,0.0
2119,299151,NA,NA,NA,NA
2120,299152,NA,NA,NA,NA
2121,299153,0.0,101.82,0.0,0.0
2122,299154,NA,NA,NA,NA
2123,299155,0.0,57.13,0.0,0.0
2124,299156,0.0,0.0,0.0,0.0
2125,299157,0.0,114.26,0.0,0.0
2126,299158,0.0,0.0,0.0,0.0
2127,299159,0.0,57.13,0.0,0.0
2128,299160,0.0,0.0,0.0,0.0
2129,299162,0.0,0.0,0.0,0.0
2130,299163,0.0,0.0,0.0,0.0
2131,299164,0.0,0.0,0.0,0.0
2132,299165,0.0,0.0,0.0,0.0
2133,299166,0.0,0.0,0.0,0.0
2134,299167,0.0,0.0,0.0,0.0
2135,299168,0.0,45.7,0.0,0.0
2136,299169,0.0,0.0,0.0,0.0
2137,299170,0.0,45.7,0.0,0.0
2138,299171,0.0,0.0,0.0,0.0
2139,299172,0.0,0.0,0.0,0.0
2140,299173,0.0,0.0,0.0,0.0
2141,299174,0.0,0.0,0.0,0.0
2142,299175,0.0,0.0,0.0,0.0
2143,299176,0.0,0.0,0.0,0.0
2144,299177,0.0,0.0,0.0,0.0
2145,299178,0.0,0.0,0.0,0.0
2146,299180,0.0,0.0,0.0,0.0
2147,299181,0.0,137.11,0.0,0.0
2148,299182,0.0,0.0,0.0,0.0
2149,299183,0.0,0.0,0.0,0.0
2150,299184,0.0,0.0,0.0,0.0
2151,299185,0.0,0.0,0.0,0.0
2152,299186,0.0,0.0,0.0,0.0
2153,299187,0.0,0.0,0.0,0.0
2154,299188,0.0,0.0,0.0,0.0
2155,299189,0.0,57.13,0.0,0.0
2156,299190,0.0,45.7,0.0,0.0
2157,299191,0.0,0.0,0.0,0.0
2158,299192,0.0,45.7,0.0,0.0
2159,299193,0.0,0.0,0.0,0.0
2160,299194,0.0,0.0,0.0,0.0
2161,299196,0.0,0.0,0.0,0.0
2162,299197,0.0,45.7,0.0,0.0
2163,299198,0.0,0.0,0.0,0.0
2164,299199,0.0,0.0,0.0,0.0
2165,299200,0.0,0.0,0.0,0.0
2166,299201,0.0,0.0,0.0,0.0
2167,299202,NA,NA,NA,NA
2168,299203,0.0,0.0,0.0,0.0
2169,299204,0.0,38.13,0.0,0.0
2170,299205,0.0,0.0,0.0,0.0
2171,299206,0.0,0.0,0.0,0.0
2172,299207,0.0,0.0,0.0,0.0
2173,299208,0.0,0.0,0.0,0.0
2174,299209,0.0,38.13,0.0,0.0
2175,299210,0.0,0.0,0.0,0.0
2176,299211,0.0,0.0,0.0,0.0
2177,299212,0.0,0.0,0.0,0.0
2178,299213,0.0,0.0,0.0,0.0
2179,299214,0.0,38.13,0.0,0.0
2180,299215,0.0,0.0,0.0,0.0
2181,299216,0.0,0.0,0.0,0.0
2182,299217,0.0,0.0,0.0,0.0
2183,299220,0.0,38.13,0.0,0.0
2184,299221,0.0,0.0,0.0,0.0
2185,299222,0.0,0.0,0.0,0.0
2186,299223,0.0,0.0,0.0,0.0
2187,299224,0.0,114.4,0.0,0.0
2188,299225,0.0,0.0,0.0,0.0
2189,299226,0.0,0.0,0.0,0.0
2190,299228,0.0,76.27,0.0,0.0
2191,299229,0.0,0.0,0.0,0.0
2192,299230,0.0,0.0,0.0,0.0
2193,299231,0.0,76.27,0.0,0.0
2194,299232,0.0,0.0,0.0,0.0
2195,299233,0.0,76.27,0.0,0.0
2196,299234,0.0,114.4,0.0,0.0
2197,299236,0.0,0.0,0.0,0.0
2198,299238,0.0,0.0,0.0,0.0
2199,299239,0.0,36.07,0.0,0.0
2200,299240,0.0,0.0,0.0,0.0
2201,299241,0.0,72.14,0.0,0.0
2202,299242,0.0,0.0,0.0,0.0
2203,299243,0.0,0.0,0.0,0.0
2204,299244,0.0,0.0,0.0,0.0
2205,299245,0.0,72.14,0.0,0.0
2206,299246,0.0,36.07,0.0,0.0
2207,299247,0.0,36.07,0.0,0.0
2208,299248,0.0,36.07,0.0,0.0
2209,299249,0.0,0.0,0.0,0.0
2210,299250,0.0,0.0,0.0,0.0
2211,299251,0.0,0.0,0.0,0.0
2212,299252,0.0,0.0,0.0,0.0
2213,299255,0.0,0.0,0.0,0.0
2214,299256,0.0,36.07,0.0,0.0
2215,299259,0.0,NA,0.0,0.0
2216,299260,NA,NA,NA,NA
2217,299261,NA,NA,NA,NA
2218,299262,0.0,0.0,0.0,0.0
2219,299263,0.0,102.83,0.0,0.0
2220,299264,0.0,137.11,0.0,0.0
2221,299265,0.0,76.27,0.0,0.0
2222,299266,NA,NA,NA,NA
2223,299267,0.0,167.73,0.0,0.0
2224,299268,0.0,0.0,0.0,0.0
2225,299269,0.0,0.0,0.0,0.0
2226,299270,0.0,304.51,0.0,0.0
2227,299271,0.0,495.33,0.0,0.0
2228,299273,0.0,205.66,0.0,0.0
2229,299274,0.0,274.21,0.0,0.0
2230,299275,NA,NA,NA,NA
2231,299276,0.0,259.13,0.0,0.0
2232,299277,0.0,457.02,0.0,0.0
2233,299278,0.0,91.4,0.0,0.0
2234,299279,0.0,251.36,0.0,0.0
2235,299280,0.0,137.11,0.0,0.0
2236,299281,0.0,114.26,0.0,0.0
2237,299282,0.0,76.32,0.0,0.0
2238,299283,0.0,297.07,0.0,0.0
2239,299284,0.0,68.55,0.0,0.0
2240,299285,0.0,114.26,0.0,0.0
2241,299286,0.0,137.11,0.0,0.0
2242,299287,0.0,259.13,0.0,0.0
2243,299288,0.0,228.51,0.0,0.0
2244,299289,0.0,137.11,0.0,0.0
2245,299290,0.0,319.92,0.0,0.0
2246,299291,0.0,91.4,0.0,0.0
2247,299292,0.0,137.11,0.0,0.0
2248,299293,0.0,137.11,0.0,0.0
2249,299294,0.0,228.51,0.0,0.0
2250,299295,0.0,251.36,0.0,0.0
2251,299296,0.0,182.81,0.0,0.0
2252,299297,0.0,434.17,0.0,0.0
2253,299298,0.0,251.36,0.0,0.0
2254,299299,0.0,342.77,0.0,0.0
2255,299300,0.0,297.07,0.0,0.0
2256,299301,0.0,68.55,0.0,0.0
2257,299302,0.0,228.51,0.0,0.0
2258,299303,0.0,289.3,0.0,0.0
2259,299304,0.0,213.43,0.0,0.0
2260,299305,0.0,213.43,0.0,0.0
2261,299306,0.0,228.51,0.0,0.0
2262,299307,0.0,247.87,0.0,0.0
2263,299309,0.0,57.2,0.0,0.0
2264,299310,0.0,152.54,0.0,0.0
2265,299311,0.0,228.81,0.0,0.0
2266,299312,0.0,95.34,0.0,0.0
2267,299314,0.0,190.67,0.0,0.0
2268,299315,0.0,247.87,0.0,0.0
2269,299316,0.0,76.27,0.0,0.0
2270,299317,0.0,209.74,0.0,0.0
2271,299318,0.0,305.08,0.0,0.0
2272,299319,0.0,114.4,0.0,0.0
2273,299320,0.0,190.67,0.0,0.0
2274,299321,0.0,133.47,0.0,0.0
2275,299322,0.0,247.87,0.0,0.0
2276,299323,0.0,171.61,0.0,0.0
2277,299324,0.0,152.54,0.0,0.0
2278,299325,0.0,198.38,0.0,0.0
2279,299326,0.0,162.31,0.0,0.0
2280,299327,0.0,126.24,0.0,0.0
2281,299328,0.0,120.11,0.0,0.0
2282,299330,0.0,72.14,0.0,0.0
2283,299331,0.0,288.55,0.0,0.0
2284,299332,0.0,198.38,0.0,0.0
2285,299333,0.0,198.38,0.0,0.0
2286,299334,0.0,36.07,0.0,0.0
2287,299335,0.0,144.28,0.0,0.0
2288,299336,0.0,252.48,0.0,0.0
2289,299337,0.0,198.38,0.0,0.0
2290,299338,0.0,144.28,0.0,0.0
2291,299339,0.0,162.31,0.0,0.0
2292,299340,0.0,180.34,0.0,0.0
2293,299341,0.0,144.28,0.0,0.0
2294,299342,0.0,144.28,0.0,0.0
2295,299343,0.0,180.34,0.0,0.0
2296,299344,0.0,144.28,0.0,0.0
2297,299345,0.0,180.34,0.0,0.0
2298,299346,0.0,126.24,0.0,0.0
2299,299347,0.0,198.38,0.0,0.0
2300,299349,0.0,142.83,0.0,0.0
2301,299350,0.0,190.25,0.0,0.0
2302,299351,NA,NA,NA,NA
2303,299352,NA,NA,NA,NA
2304,299353,NA,NA,NA,NA
2305,299354,NA,NA,NA,NA
2306,299355,0.0,171.61,0.0,0.0
2307,299356,0.0,96.3,0.0,0.0
2308,299357,0.0,102.83,0.0,0.0
2309,299358,0.0,126.24,0.0,0.0
2310,299359,0.0,0.0,0.0,0.0
2311,299360,0.0,59.38,0.0,0.0
2312,299361,0.0,0.0,0.0,0.0
2313,299362,0.0,106.49,0.0,0.0
2314,299363,NA,NA,NA,NA
2315,299364,NA,NA,NA,NA
2316,299365,0.0,38.13,0.0,0.0
2317,299366,0.0,84.04,0.0,0.0
2318,299368,0.0,36.07,0.0,0.0
2319,299369,0.0,47.97,0.0,0.0
2320,299370,0.0,144.28,0.0,0.0
2321,299371,0.0,72.14,0.0,0.0
2322,299372,0.0,126.24,0.0,0.0
2323,299374,0.0,54.1,0.0,0.0
2324,299375,0.0,72.14,0.0,0.0
2325,299377,0.0,72.14,0.0,0.0
2326,299378,0.0,63.12,0.0,0.0
2327,299379,0.0,99.19,0.0,0.0
2328,299381,0.0,108.21,0.0,0.0
2329,299382,0.0,81.16,0.0,0.0
2330,299383,0.0,108.21,0.0,0.0
2331,299384,0.0,47.97,0.0,0.0
2332,299385,0.0,84.04,0.0,0.0
2333,299387,0.0,36.07,0.0,0.0
2334,299388,0.0,36.07,0.0,0.0
2335,299389,0.0,180.34,0.0,0.0
2336,299391,0.0,36.07,0.0,0.0
2337,299392,0.0,36.07,0.0,0.0
2338,299393,0.0,36.07,0.0,0.0
2339,299394,0.0,126.99,0.0,0.0
2340,299395,0.0,0.0,0.0,0.0
2341,299396,NA,NA,NA,NA
2342,299399,0.0,0.0,0.0,0.0
2343,299400,0.0,0.0,0.0,0.0
2344,299401,0.0,NA,0.0,0.0
2345,299402,0.0,0.0,0.0,0.0
2346,299403,NA,NA,NA,NA
2347,299405,0.0,288.55,0.0,0.0
2348,299406,0.0,50.72,0.0,0.0
2349,299407,NA,NA,NA,NA
2350,299408,NA,NA,NA,NA
2351,299410,0.0,38.13,0.0,0.0
2352,299412,0.0,0.0,0.0,0.0
2353,299414,NA,NA,NA,NA
2354,299415,NA,NA,NA,NA
2355,299416,NA,NA,NA,NA
2356,299417,NA,NA,NA,NA
2357,299418,NA,NA,NA,NA
2358,299419,0.0,0.0,0.0,0.0
2359,299420,NA,NA,NA,NA
2360,299421,0.0,38.13,0.0,0.0
2361,299422,0.0,76.27,0.0,0.0
2362,299425,0.0,72.14,0.0,0.0
2363,299426,0.0,252.48,0.0,0.0
2364,299428,0.0,0.0,0.0,0.0
2365,299429,0.0,0.0,0.0,0.0
2366,299430,0.0,36.07,0.0,0.0
2367,299431,0.0,0.0,0.0,0.0
2368,299433,0.0,36.07,0.0,0.0
2369,299434,0.0,0.0,0.0,0.0
2370,299435,0.0,0.0,0.0,0.0
2371,299436,0.0,0.0,0.0,0.0
2372,299437,0.0,0.0,0.0,0.0
2373,299439,0.0,0.0,0.0,0.0
2374,299440,0.0,0.0,0.0,0.0
2375,299442,0.0,NA,0.0,0.0
2376,299443,0.0,0.0,0.0,0.0
2377,299444,0.0,0.0,0.0,0.0
2378,299445,0.0,0.0,0.0,0.0
2379,299446,0.0,0.0,0.0,0.0
2380,299447,0.0,NA,0.0,0.0
2381,299448,0.0,NA,0.0,0.0
2382,299449,0.0,NA,0.0,0.0
2383,299450,0.0,NA,0.0,0.0
2384,299451,0.0,NA,0.0,0.0
2385,299452,0.0,NA,0.0,0.0
2386,299453,0.0,NA,0.0,0.0
2387,299454,0.0,NA,0.0,0.0
2388,299457,0.0,NA,0.0,0.0
2389,299458,0.0,NA,0.0,0.0
2390,299459,0.0,NA,0.0,0.0
2391,299460,NA,NA,NA,NA
2392,299461,NA,NA,NA,NA
2393,299462,0.0,NA,0.0,0.0
2394,299464,NA,NA,NA,NA
2395,299465,NA,NA,NA,NA
2396,299466,NA,NA,NA,NA
2397,299467,NA,NA,NA,NA
2398,299468,0.0,NA,0.0,0.0
