,id,token_receive,token_receive_byLevelRatio,token_send,token_send_byLevelRatio
0,285355,2.0,94.26,0.0,0.0
1,282628,6.0,236.36,4.2,144.68
2,278533,3.2,150.81,3.75,145.04
3,299379,2.75,108.0,5.75,186.75
4,294926,2.5,145.18,1.0,57.41
5,281261,1.0,47.13,1.5,58.02
6,239367,NA,NA,NA,NA
7,290136,1.5,87.11,2.0,114.82
8,299104,3.0,117.82,2.0,64.96
9,262163,1.0,58.07,1.0,57.41
10,213016,1.0,58.07,0.0,0.0
11,294937,2.0,116.14,3.0,172.23
12,299034,NA,NA,NA,NA
13,278555,1.0,47.13,1.0,38.68
14,258077,3.0,173.04,4.0,191.19
15,282058,2.8,131.96,3.0,116.03
16,294948,7.0,366.65,7.0,290.12
17,299045,1.0,58.07,0.0,0.0
18,290854,NA,NA,NA,NA
19,244401,1.0,47.13,0.0,0.0
20,249896,1.0,58.07,0.0,0.0
21,293103,1.0,58.07,0.0,0.0
22,213040,1.8,104.53,0.0,0.0
23,278577,1.5,87.11,0.0,0.0
24,282674,2.0,78.79,2.0,68.9
25,249908,1.0,58.07,0.0,0.0
26,292190,NA,NA,NA,NA
27,249910,NA,NA,NA,NA
28,202270,1.0,58.07,0.0,0.0
29,294972,1.0,52.38,1.0,41.45
30,282685,2.25,88.64,2.0,68.9
31,278590,2.0,116.14,3.0,172.23
32,262208,1.0,58.07,2.5,143.53
33,249921,1.67,96.98,0.0,0.0
34,262210,2.6,150.99,8.0,459.28
35,208964,NA,NA,NA,NA
36,221253,1.0,52.38,0.0,0.0
37,213062,1.0,58.07,0.0,0.0
38,294983,1.5,59.09,1.0,34.45
39,299081,2.33,91.51,2.67,86.72
40,278602,1.0,47.13,0.0,0.0
41,299083,1.0,39.27,0.0,0.0
42,258124,1.5,87.11,1.5,86.12
43,204130,2.0,116.14,2.0,114.82
44,299086,2.0,78.55,2.5,81.2
45,299087,2.6,102.11,1.75,56.84
46,299088,1.0,39.27,2.0,64.96
47,294994,1.0,58.07,1.0,57.41
48,281955,1.33,62.68,1.0,38.68
49,282708,2.25,88.64,2.0,68.9
50,266326,1.0,58.07,0.0,0.0
51,249943,2.5,145.18,0.0,0.0
52,262232,NA,NA,NA,NA
53,299097,1.0,63.82,0.0,0.0
54,299098,1.0,63.82,0.0,0.0
55,213084,2.5,145.18,0.0,0.0
56,299101,NA,NA,NA,NA
57,299102,NA,NA,NA,NA
58,295007,1.67,78.7,0.0,0.0
59,278624,2.25,130.66,1.0,57.41
60,266337,NA,NA,NA,NA
61,249954,3.0,174.21,0.0,0.0
62,294881,2.8,162.6,2.5,143.53
63,254052,NA,NA,NA,NA
64,299109,2.0,116.14,0.0,0.0
65,299111,NA,NA,NA,NA
66,299112,NA,NA,NA,NA
67,244412,NA,NA,NA,NA
68,286826,2.0,78.79,1.5,51.67
69,299115,NA,NA,NA,NA
70,282732,1.0,39.39,0.0,0.0
71,258157,3.4,160.23,4.4,170.18
72,299118,1.86,73.05,2.33,75.67
73,299119,1.0,39.27,2.67,86.72
74,299120,NA,NA,NA,NA
75,299121,1.67,65.59,3.0,97.44
76,299122,1.0,58.07,0.0,0.0
77,213107,1.0,58.07,0.0,0.0
78,299124,1.0,57.68,1.0,47.8
79,275134,1.0,58.07,0.0,0.0
80,278646,NA,NA,NA,NA
81,282743,3.5,137.88,4.2,144.68
82,249976,1.0,58.07,0.0,0.0
83,266361,2.0,116.14,1.0,57.41
84,292202,2.5,98.48,2.0,68.9
85,204926,NA,NA,NA,NA
86,299135,1.0,39.39,0.0,0.0
87,213120,2.0,116.14,2.2,126.3
88,290945,1.0,47.13,1.0,38.68
89,282754,3.33,131.18,3.25,111.96
90,299383,2.67,104.86,3.67,119.2
91,299140,3.67,144.57,6.67,229.77
92,299141,1.5,70.69,1.0,38.68
93,289121,1.0,47.13,0.0,0.0
94,237703,1.75,91.66,4.0,165.78
95,225416,1.0,58.07,0.0,0.0
96,238956,2.0,116.14,1.56,89.56
97,299146,1.67,65.79,0.0,0.0
98,213131,1.0,58.07,0.0,0.0
99,299148,3.5,137.88,1.67,57.53
100,299149,1.5,78.57,1.0,41.45
101,299150,2.25,88.36,5.25,170.51
102,262287,3.5,203.25,0.0,0.0
103,299152,1.33,52.39,0.0,0.0
104,299153,2.67,105.18,2.5,86.12
105,237714,1.0,58.07,0.0,0.0
106,241811,NA,NA,NA,NA
107,299156,NA,NA,NA,NA
108,218478,1.67,96.98,2.25,129.17
109,213142,NA,NA,NA,NA
110,299159,1.0,58.07,0.0,0.0
111,299160,NA,NA,NA,NA
112,266394,2.0,116.14,3.0,172.23
113,299163,NA,NA,NA,NA
114,258204,1.0,58.07,0.0,0.0
115,237725,NA,NA,NA,NA
116,299166,NA,NA,NA,NA
117,233631,1.5,87.11,1.0,57.41
118,286154,1.0,39.27,2.0,64.96
119,213153,1.5,87.11,2.0,114.82
120,299170,1.0,47.13,0.0,0.0
121,286883,2.5,98.48,4.5,155.02
122,274596,NA,NA,NA,NA
123,299173,NA,NA,NA,NA
124,289564,3.5,137.88,3.33,114.71
125,258215,1.0,58.07,1.0,57.41
126,262312,6.0,348.43,0.0,0.0
127,250025,2.0,115.36,0.0,0.0
128,299178,NA,NA,NA,NA
129,244423,NA,NA,NA,NA
130,299180,NA,NA,NA,NA
131,289837,1.0,47.13,0.0,0.0
132,240327,2.2,127.76,4.4,252.61
133,274461,1.0,58.07,0.0,0.0
134,299184,0.0,0.0,2.0,77.36
135,266417,2.67,155.05,0.0,0.0
136,274610,1.5,87.11,0.0,0.0
137,262323,1.0,58.07,0.0,0.0
138,250036,1.0,52.38,0.0,0.0
139,299189,1.0,58.07,0.0,0.0
140,299190,1.0,47.13,2.0,77.36
141,213175,NA,NA,NA,NA
142,299192,1.0,47.13,0.0,0.0
143,288116,2.5,98.48,3.5,120.57
144,299194,NA,NA,NA,NA
145,299196,NA,NA,NA,NA
146,274621,NA,NA,NA,NA
147,262334,NA,NA,NA,NA
148,250047,1.67,96.98,1.0,57.41
149,299200,NA,NA,NA,NA
150,299201,NA,NA,NA,NA
151,213186,1.0,58.07,0.0,0.0
152,299203,NA,NA,NA,NA
153,299204,1.0,39.39,0.0,0.0
154,290158,1.0,47.13,0.0,0.0
155,299206,NA,NA,NA,NA
156,288801,1.5,70.69,1.0,38.68
157,274632,NA,NA,NA,NA
158,299209,1.0,39.39,2.0,68.9
159,299210,NA,NA,NA,NA
160,299211,NA,NA,NA,NA
161,299212,NA,NA,NA,NA
162,213197,1.5,78.57,1.5,62.17
163,299214,1.0,39.39,1.0,34.45
164,293581,6.0,236.36,14.17,488.13
165,299216,NA,NA,NA,NA
166,299217,NA,NA,NA,NA
167,291026,2.75,129.6,5.5,212.73
168,299220,1.0,39.39,1.0,34.45
169,299221,NA,NA,NA,NA
170,299222,NA,NA,NA,NA
171,299223,NA,NA,NA,NA
172,299224,3.0,118.18,0.0,0.0
173,299225,NA,NA,NA,NA
174,299226,NA,NA,NA,NA
175,213211,1.25,72.59,1.67,95.88
176,288663,2.5,98.48,5.88,202.55
177,277882,3.33,156.94,5.5,212.73
178,274654,1.0,58.07,1.0,57.41
179,266463,6.0,348.43,2.4,137.78
180,299232,NA,NA,NA,NA
181,299233,2.0,78.79,2.0,68.9
182,299234,3.0,118.18,2.0,68.9
183,217316,1.0,58.07,1.5,86.12
184,209125,2.0,116.14,1.33,76.36
185,299238,NA,NA,NA,NA
186,299239,1.0,39.27,0.0,0.0
187,282856,1.0,58.07,0.0,0.0
188,299241,2.0,78.55,2.0,64.96
189,299242,NA,NA,NA,NA
190,299243,NA,NA,NA,NA
191,262380,NA,NA,NA,NA
192,250093,NA,NA,NA,NA
193,299246,1.0,39.27,0.0,0.0
194,233711,2.0,115.36,2.0,95.6
195,299248,1.0,39.27,0.0,0.0
196,213233,NA,NA,NA,NA
197,299250,NA,NA,NA,NA
198,286963,2.25,88.64,1.0,34.45
199,274676,1.67,78.7,2.5,96.69
200,299114,NA,NA,NA,NA
201,258294,1.0,52.38,3.8,157.49
202,299255,NA,NA,NA,NA
203,299256,1.0,39.27,2.0,64.96
204,229625,0.0,0.0,2.0,114.82
205,217338,2.33,135.31,9.0,516.69
206,288127,4.33,170.57,2.5,86.12
207,299260,NA,NA,NA,NA
208,299261,0.0,0.0,1.0,57.41
209,286974,NA,NA,NA,NA
210,299263,2.25,106.04,3.0,116.03
211,299264,3.0,141.38,4.0,154.71
212,296320,3.5,203.25,2.0,114.82
213,299266,NA,NA,NA,NA
214,262403,1.5,87.11,1.0,57.41
215,229636,1.6,92.29,3.83,183.07
216,233733,1.5,87.11,0.0,0.0
217,299270,5.33,309.52,10.5,602.81
218,299251,NA,NA,NA,NA
219,259834,1.25,72.59,0.0,0.0
220,299274,6.0,282.77,13.0,502.81
221,299275,1.67,78.7,0.0,0.0
222,299276,5.67,267.21,0.0,0.0
223,263554,1.0,47.13,0.0,0.0
224,299278,2.0,94.26,9.0,348.1
225,241935,1.0,58.07,0.0,0.0
226,299280,3.0,141.38,8.0,309.42
227,221457,3.0,174.21,5.75,330.11
228,299282,1.67,78.7,0.0,0.0
229,299283,6.5,306.33,19.0,734.88
230,286996,NA,NA,NA,NA
231,265972,NA,NA,NA,NA
232,278806,1.5,87.11,1.5,86.12
233,282903,2.0,116.14,1.33,76.36
234,299288,5.0,235.64,7.0,270.74
235,296251,1.5,87.11,2.0,114.82
236,241946,4.0,230.73,1.0,47.8
237,299291,2.0,94.26,0.0,0.0
238,229660,1.33,69.66,2.75,113.98
239,299293,3.0,141.38,0.0,0.0
240,221470,1.0,58.07,1.0,57.41
241,286085,2.5,98.48,2.25,77.51
242,299296,4.0,188.51,0.0,0.0
243,299056,NA,NA,NA,NA
244,282914,1.75,101.62,1.8,103.34
245,270627,1.0,58.07,3.0,172.23
246,262436,1.5,87.11,2.0,114.82
247,241957,1.0,58.07,1.0,57.41
248,299302,5.0,235.64,9.0,348.1
249,229671,2.33,122.04,1.5,62.17
250,299304,4.0,188.51,12.5,483.47
251,221481,1.0,58.07,3.0,172.23
252,299306,5.0,235.64,7.0,270.74
253,299215,NA,NA,NA,NA
254,291117,4.0,188.51,4.75,183.72
255,270638,4.0,188.51,3.75,145.04
256,262447,3.6,209.06,2.0,114.82
257,270640,2.33,135.31,2.0,114.82
258,246065,1.33,77.23,0.0,0.0
259,241970,0.0,0.0,1.0,57.41
260,299315,6.0,236.36,18.0,620.06
261,221492,1.75,100.94,1.25,59.75
262,299317,5.5,216.66,0.0,0.0
263,299318,8.0,315.15,33.0,1136.78
264,299319,3.0,118.18,0.0,0.0
265,291128,2.0,94.26,2.0,77.36
266,262196,2.0,116.14,2.5,143.53
267,266554,2.5,145.18,2.5,143.53
268,254267,1.33,69.66,1.0,41.45
269,299324,4.0,157.57,7.0,241.14
270,241981,1.25,72.59,2.0,114.82
271,299326,4.5,176.73,0.0,0.0
272,299327,3.0,117.82,21.0,682.05
273,221504,1.0,52.38,6.0,248.67
274,299330,2.0,78.55,0.0,0.0
275,292235,1.33,52.39,2.33,80.26
276,299332,5.0,196.37,0.0,0.0
277,299333,5.0,196.37,8.0,259.83
278,299334,1.0,39.27,0.0,0.0
279,299335,4.0,157.09,0.0,0.0
280,241992,2.0,116.14,2.0,114.82
281,229705,1.67,96.98,4.0,229.64
282,299338,4.0,157.09,0.0,0.0
283,221515,NA,NA,NA,NA
284,299340,4.5,176.73,1.0,32.48
285,299341,4.0,157.09,0.0,0.0
286,282958,0.0,0.0,1.0,57.41
287,299117,NA,NA,NA,NA
288,282960,1.5,78.57,1.75,72.53
289,270673,5.5,259.2,6.25,241.74
290,262482,NA,NA,NA,NA
291,287102,1.0,58.07,2.0,114.82
292,229716,1.0,58.07,0.0,0.0
293,299349,2.5,145.18,0.0,0.0
294,221526,1.5,86.52,1.0,47.8
295,299351,1.0,63.82,0.0,0.0
296,209240,2.0,116.14,2.5,143.53
297,299353,1.5,95.72,2.67,136.78
298,239378,3.2,185.83,16.0,918.56
299,299355,4.5,177.27,10.5,361.7
300,270684,1.0,39.39,0.0,0.0
301,299357,2.25,106.04,1.0,38.68
302,299358,3.5,137.46,4.0,129.91
303,229727,2.2,127.76,3.67,210.7
304,299360,1.0,57.68,0.0,0.0
305,299361,NA,NA,NA,NA
306,299362,2.33,109.81,4.33,167.47
307,299363,1.0,39.39,0.0,0.0
308,295268,1.33,77.23,0.0,0.0
309,299365,1.0,39.39,0.0,0.0
310,282982,1.0,39.39,0.0,0.0
311,290193,1.5,70.69,0.0,0.0
312,258408,1.5,87.11,2.0,114.82
313,299369,1.5,58.91,2.33,75.67
314,254314,1.0,58.07,2.1,120.56
315,233835,NA,NA,NA,NA
316,225644,1.0,58.07,0.0,0.0
317,209262,3.57,205.92,4.6,219.87
318,286781,2.5,117.82,4.0,154.71
319,291185,1.25,58.91,0.0,0.0
320,299378,1.75,68.73,2.0,64.96
321,282003,2.5,117.82,1.0,38.68
322,299381,3.0,117.82,3.25,105.55
323,237942,2.0,104.76,2.5,103.61
324,229751,1.0,58.07,0.0,0.0
325,299384,1.33,52.23,3.0,97.44
326,209273,2.8,162.6,3.0,172.23
327,299387,1.0,39.27,2.0,64.96
328,291196,1.67,78.7,1.67,64.59
329,299389,5.0,196.37,1.67,54.24
330,278910,2.5,117.82,1.0,38.68
331,295042,3.25,128.03,3.25,111.96
332,299392,1.0,39.27,0.0,0.0
333,233857,NA,NA,NA,NA
334,229762,3.75,217.77,4.4,252.61
335,299395,NA,NA,NA,NA
336,209284,1.0,58.07,0.0,0.0
337,299399,NA,NA,NA,NA
338,291208,1.0,39.39,1.5,51.67
339,278921,2.0,94.26,0.0,0.0
340,299402,NA,NA,NA,NA
341,299403,1.5,58.91,0.0,0.0
342,237964,2.0,104.76,2.0,82.89
343,288834,1.0,58.07,1.0,57.41
344,299406,1.33,52.39,0.0,0.0
345,209295,1.0,58.07,0.0,0.0
346,299408,0.0,0.0,1.0,57.41
347,299410,1.0,39.39,0.0,0.0
348,295315,0.0,0.0,2.0,77.36
349,278932,1.67,78.7,4.0,154.71
350,291221,1.8,104.53,10.0,574.1
351,270742,1.75,101.62,2.0,114.82
352,262551,1.0,58.07,3.0,172.23
353,229784,1.0,58.07,0.0,0.0
354,299417,1.0,58.07,0.0,0.0
355,299418,NA,NA,NA,NA
356,209307,4.5,261.32,8.33,478.23
357,299420,NA,NA,NA,NA
358,299421,1.0,39.39,1.0,34.45
359,299422,2.0,78.79,0.0,0.0
360,278943,1.33,77.23,0.0,0.0
361,291232,0.0,0.0,1.0,34.45
362,270753,1.0,58.07,4.0,229.64
363,237986,1.33,77.23,1.0,57.41
364,229795,1.0,52.38,2.0,82.89
365,299428,NA,NA,NA,NA
366,299078,2.25,88.36,2.33,75.67
367,299430,1.0,39.27,0.0,0.0
368,299431,NA,NA,NA,NA
369,286108,3.2,150.81,1.75,67.69
370,201130,1.75,101.62,4.0,229.64
371,299079,2.0,78.55,3.0,97.44
372,283052,2.25,88.64,0.0,0.0
373,237997,1.75,91.66,2.5,103.61
374,254382,NA,NA,NA,NA
375,299439,NA,NA,NA,NA
376,299440,NA,NA,NA,NA
377,299442,NA,NA,NA,NA
378,209331,1.5,87.11,2.0,114.82
379,299444,NA,NA,NA,NA
380,299445,NA,NA,NA,NA
381,291254,1.0,39.39,1.0,34.45
382,270775,1.5,87.11,0.0,0.0
383,266680,1.0,58.07,0.0,0.0
384,299449,NA,NA,NA,NA
385,229818,2.67,155.05,10.0,574.1
386,299451,NA,NA,NA,NA
387,229820,1.5,78.57,2.5,103.61
388,299082,1.83,71.87,3.33,108.15
389,209342,2.75,159.7,8.0,459.28
390,291265,4.0,157.57,5.0,172.24
391,274882,1.0,58.07,0.0,0.0
392,299459,NA,NA,NA,NA
393,294620,2.0,94.26,0.0,0.0
394,299461,NA,NA,NA,NA
395,289028,1.0,58.07,0.0,0.0
396,238023,4.25,246.8,4.33,248.59
397,299464,NA,NA,NA,NA
398,209353,1.0,58.07,1.4,80.37
399,297015,1.5,86.52,0.0,0.0
400,299467,NA,NA,NA,NA
401,291276,1.33,62.68,1.75,67.69
402,283085,2.0,94.26,4.0,154.71
403,299394,3.33,131.18,3.0,103.34
404,297037,NA,NA,NA,NA
405,247115,1.0,58.07,0.0,0.0
406,213461,1.5,87.11,1.0,57.41
407,290078,3.5,164.95,1.5,58.02
408,291287,1.33,62.68,1.0,38.68
409,283096,1.0,47.13,0.0,0.0
410,274905,2.0,116.14,2.0,114.82
411,299298,5.5,259.2,3.0,116.03
412,250333,1.0,58.07,1.0,57.41
413,289531,3.83,150.88,4.75,163.63
414,274916,1.0,58.07,1.0,57.41
415,291301,1.0,47.13,0.0,0.0
416,254438,3.5,183.32,1.5,62.17
417,264273,NA,NA,NA,NA
418,217577,1.5,87.11,1.5,86.12
419,201196,1.0,58.07,0.0,0.0
420,299090,1.25,72.1,1.5,71.7
421,285550,1.67,96.98,4.0,229.64
422,283121,NA,NA,NA,NA
423,299091,1.0,58.07,0.0,0.0
424,246260,1.25,72.59,0.0,0.0
425,208645,1.8,104.53,0.0,0.0
426,201208,1.25,72.59,0.0,0.0
427,299092,NA,NA,NA,NA
428,294961,2.67,139.85,1.0,41.45
429,291323,3.25,153.16,3.0,116.03
430,283132,2.0,94.26,1.0,38.68
431,262653,1.67,96.98,0.0,0.0
432,254462,2.67,154.01,4.8,229.43
433,237474,1.0,58.07,0.0,0.0
434,295680,1.25,49.24,1.0,34.45
435,299123,1.25,72.59,1.0,57.41
436,295428,1.0,58.07,0.0,0.0
437,299094,NA,NA,NA,NA
438,291334,4.0,188.51,2.0,77.36
439,283143,1.5,70.69,1.0,38.68
440,262664,2.25,130.66,3.0,172.23
441,250377,1.5,86.52,1.67,79.82
442,299095,2.75,175.49,1.75,89.65
443,299462,NA,NA,NA,NA
444,205326,1.5,87.11,0.0,0.0
445,284077,4.0,232.29,4.2,241.12
446,291345,1.0,39.39,0.0,0.0
447,262675,4.2,243.9,4.6,264.09
448,250388,1.5,78.57,1.67,69.21
449,246293,1.5,87.11,4.0,229.64
450,250390,NA,NA,NA,NA
451,234007,2.0,116.14,2.0,114.82
452,213528,1.0,58.07,1.0,57.41
453,250628,NA,NA,NA,NA
454,289440,2.0,94.26,1.67,64.59
455,286985,4.0,157.57,9.5,327.25
456,284762,1.67,78.7,2.33,90.12
457,254495,0.0,0.0,2.0,114.82
458,246305,NA,NA,NA,NA
459,250402,1.0,57.68,1.67,79.82
460,217635,1.0,52.38,0.0,0.0
461,289542,1.0,39.27,1.0,32.48
462,295463,1.5,87.11,2.0,114.82
463,274984,2.4,125.71,4.83,200.18
464,262697,3.4,197.44,1.67,95.88
465,270890,1.0,58.07,0.0,0.0
466,258603,1.0,47.13,0.0,0.0
467,246316,1.5,78.57,2.0,82.89
468,250413,NA,NA,NA,NA
469,291378,1.0,47.13,0.0,0.0
470,270902,5.67,329.26,9.33,535.64
471,246327,1.8,104.53,3.0,172.23
472,254520,1.0,52.38,0.0,0.0
473,283198,1.0,47.13,0.0,0.0
474,291391,3.0,141.38,3.0,116.03
475,275008,1.0,58.07,2.5,143.53
476,283201,1.0,39.39,0.0,0.0
477,246338,NA,NA,NA,NA
478,250435,1.0,52.38,1.0,41.45
479,246340,NA,NA,NA,NA
480,282721,4.5,177.27,2.0,68.9
481,295496,3.0,174.21,5.0,287.05
482,266827,2.0,116.14,2.0,114.82
483,258636,NA,NA,NA,NA
484,262733,1.0,58.07,1.0,57.41
485,250446,2.4,125.71,7.25,300.48
486,246351,NA,NA,NA,NA
487,225872,1.0,58.07,1.0,57.41
488,213585,1.0,58.07,0.0,0.0
489,299107,NA,NA,NA,NA
490,299372,3.5,137.46,2.0,64.96
491,262926,2.0,116.14,1.0,57.41
492,266838,NA,NA,NA,NA
493,292281,1.0,39.39,0.0,0.0
494,262744,1.0,58.07,2.0,114.82
495,250457,1.6,92.91,2.25,129.17
496,246362,1.0,58.07,0.0,0.0
497,271120,4.0,188.51,2.75,106.36
498,250468,1.0,52.38,1.33,55.12
499,250470,2.0,116.14,3.0,172.23
500,217704,1.0,58.07,0.0,0.0
501,287124,1.5,87.11,2.0,114.82
502,293650,1.0,39.39,0.0,0.0
503,266862,1.0,58.07,0.0,0.0
504,251325,1.5,87.11,0.0,0.0
505,246384,1.5,78.57,1.83,75.85
506,250481,2.0,116.14,0.0,0.0
507,225906,NA,NA,NA,NA
508,217715,4.33,251.45,4.0,229.64
509,205428,1.25,72.59,0.0,0.0
510,283256,3.4,160.23,5.5,212.73
511,266873,1.0,52.38,0.0,0.0
512,254586,NA,NA,NA,NA
513,246395,4.8,251.42,1.71,70.87
514,250492,NA,NA,NA,NA
515,225917,2.8,162.6,4.0,229.64
516,234111,1.0,58.07,0.0,0.0
517,205441,1.5,87.11,5.0,287.05
518,270981,1.0,47.13,1.5,58.02
519,225928,1.75,101.62,2.0,114.82
520,299116,NA,NA,NA,NA
521,225930,2.8,162.6,3.4,195.2
522,205452,2.6,150.99,5.0,287.05
523,295565,1.8,104.53,9.0,516.69
524,266895,2.67,139.85,2.67,110.66
525,270992,1.0,58.07,1.0,57.41
526,246418,1.5,87.11,1.67,95.88
527,250515,2.0,116.14,0.0,0.0
528,299323,4.5,177.27,0.0,0.0
529,225941,NA,NA,NA,NA
530,205463,1.5,87.11,3.0,172.23
531,296912,4.0,174.48,2.33,125.78
532,275098,1.33,62.68,3.0,116.03
533,267034,1.0,58.07,1.5,86.12
534,250526,NA,NA,NA,NA
535,225952,2.17,113.66,3.33,138.01
536,288880,3.4,160.23,3.0,116.03
537,248118,4.25,222.61,5.5,227.95
538,201380,1.33,77.23,2.2,126.3
539,275260,2.0,116.14,1.5,86.12
540,271016,1.0,58.07,0.0,0.0
541,250537,0.0,0.0,1.0,41.45
542,225963,5.25,304.87,4.6,264.09
543,299265,2.0,78.79,2.0,68.9
544,295598,1.0,58.07,1.0,57.41
545,287408,1.0,58.07,0.0,0.0
546,295601,0.0,0.0,1.0,38.68
547,287410,1.5,87.11,0.0,0.0
548,297083,1.6,62.84,1.25,40.6
549,225974,1.33,77.23,1.0,57.41
550,295612,NA,NA,NA,NA
551,273866,1.0,58.07,1.5,86.12
552,262846,1.0,58.07,0.0,0.0
553,286837,2.4,94.54,2.5,86.12
554,271040,2.25,88.64,1.67,57.53
555,250561,2.0,115.36,2.33,111.37
556,242370,3.0,174.21,2.75,157.88
557,205508,1.0,58.07,0.0,0.0
558,290934,1.5,70.69,3.0,116.03
559,295623,1.0,39.39,2.0,68.9
560,262857,NA,NA,NA,NA
561,271051,1.0,47.13,0.0,0.0
562,225996,0.0,0.0,1.0,57.41
563,293353,2.25,106.04,2.33,90.12
564,245197,NA,NA,NA,NA
565,299388,1.0,39.27,2.0,64.96
566,295634,3.8,149.7,6.6,227.36
567,283347,1.5,78.57,1.5,62.17
568,262868,7.0,406.5,2.75,157.88
569,242392,3.0,174.21,7.0,401.87
570,291356,NA,NA,NA,NA
571,254757,1.0,52.38,0.0,0.0
572,271073,3.0,118.18,2.5,86.12
573,284215,1.67,78.7,1.0,38.68
574,201447,NA,NA,NA,NA
575,295656,1.5,59.09,0.0,0.0
576,287465,1.25,58.91,2.0,77.36
577,266986,1.67,87.47,3.0,124.34
578,262892,2.5,145.18,0.0,0.0
579,250606,1.0,58.07,0.0,0.0
580,276605,2.0,94.26,3.0,116.03
581,226033,2.0,116.14,2.75,157.88
582,254531,3.0,157.14,1.0,41.45
583,295667,1.67,65.79,2.0,68.9
584,287476,1.0,47.13,1.0,38.68
585,213118,3.2,185.83,5.5,315.76
586,283382,1.5,70.69,3.0,116.03
587,258807,1.0,58.07,0.0,0.0
588,299154,NA,NA,NA,NA
589,295678,3.25,128.03,7.67,264.22
590,287487,NA,NA,NA,NA
591,279296,2.1,121.95,1.33,76.36
592,286848,1.33,52.39,2.0,68.9
593,262915,1.0,58.07,0.0,0.0
594,258820,NA,NA,NA,NA
595,242437,1.0,58.07,0.0,0.0
596,299268,NA,NA,NA,NA
597,230152,3.0,174.21,2.0,114.82
598,287498,2.0,116.14,1.0,57.41
599,295691,2.0,78.79,1.0,34.45
600,286850,3.0,141.38,3.0,116.03
601,271118,1.0,47.13,2.0,77.36
602,258831,1.0,58.07,0.0,0.0
603,242448,NA,NA,NA,NA
604,234257,2.2,127.76,0.0,0.0
605,242450,3.4,197.44,8.4,482.25
606,295703,1.0,39.39,2.0,68.9
607,297130,2.75,108.0,2.33,75.67
608,258842,1.5,87.11,1.0,57.41
609,271131,2.0,94.26,1.0,38.68
610,242461,3.33,193.38,4.0,229.64
611,299382,2.25,88.36,4.0,129.91
612,254768,1.0,58.07,0.0,0.0
613,295714,2.33,91.79,5.0,172.24
614,245426,2.0,116.14,0.0,0.0
615,279332,2.0,104.76,10.75,445.54
616,258853,1.0,58.07,0.0,0.0
617,271142,NA,NA,NA,NA
618,299285,2.5,117.82,0.0,0.0
619,242472,1.0,47.13,2.0,77.36
620,299143,1.25,72.59,3.75,215.29
621,298782,2.25,88.64,2.0,68.9
622,299133,1.5,70.69,2.5,96.69
623,258864,1.67,96.98,0.0,0.0
624,271153,1.0,47.13,0.0,0.0
625,254770,1.0,58.07,1.0,57.41
626,242483,NA,NA,NA,NA
627,293001,3.0,174.21,2.0,114.82
628,287545,1.0,57.68,0.0,0.0
629,275258,1.0,58.07,0.0,0.0
630,258875,1.67,96.98,0.0,0.0
631,271164,1.33,62.68,0.0,0.0
632,256138,1.5,87.11,3.25,186.58
633,277984,1.5,70.69,3.0,116.03
634,299147,1.0,39.39,0.0,0.0
635,287556,1.0,58.07,0.0,0.0
636,273206,1.25,72.59,1.5,86.12
637,258886,1.67,96.98,1.0,57.41
638,271175,2.25,88.64,5.0,172.24
639,254792,1.0,58.07,0.0,0.0
640,242506,2.5,145.18,6.0,344.46
641,299134,NA,NA,NA,NA
642,287567,2.0,94.26,0.0,0.0
643,279376,1.83,95.85,0.0,0.0
644,242517,1.5,87.11,2.0,114.82
645,299151,1.0,39.39,0.0,0.0
646,271197,4.33,204.06,2.25,87.03
647,292315,3.6,141.82,4.6,158.46
648,258911,3.0,174.21,3.5,200.94
649,242528,1.0,58.07,1.0,57.41
650,299437,NA,NA,NA,NA
651,292372,1.33,62.68,1.0,38.68
652,289451,1.0,58.07,1.0,57.41
653,279401,1.0,52.38,0.0,0.0
654,242541,2.0,116.14,0.0,0.0
655,246761,2.5,145.18,3.0,172.23
656,254837,1.0,58.07,1.0,57.41
657,242552,2.0,116.14,0.0,0.0
658,234986,1.0,58.07,0.0,0.0
659,283518,1.33,62.68,1.0,38.68
660,247957,3.4,178.09,2.2,91.18
661,258944,2.5,145.18,2.0,114.82
662,271233,8.4,330.91,13.4,461.6
663,242563,3.5,203.25,1.5,86.12
664,230276,1.5,87.11,3.5,200.94
665,299158,NA,NA,NA,NA
666,299176,0.0,0.0,2.0,77.36
667,299136,2.6,102.11,2.5,81.2
668,271244,4.33,170.57,8.5,292.81
669,242574,1.0,58.07,0.0,0.0
670,205714,3.4,178.09,6.17,255.72
671,271255,2.5,98.48,2.0,68.9
672,299294,4.67,220.09,14.0,541.49
673,249327,1.25,72.59,2.0,114.82
674,299273,4.5,212.07,22.0,850.91
675,299162,NA,NA,NA,NA
676,279365,1.25,72.59,1.4,80.37
677,279456,2.83,111.48,6.6,227.36
678,271266,2.5,117.82,2.0,77.36
679,267078,1.5,87.11,4.0,229.64
680,296433,2.25,130.66,3.8,218.16
681,299164,NA,NA,NA,NA
682,279467,2.67,125.83,1.33,51.44
683,258988,2.0,116.14,1.5,86.12
684,271277,2.0,78.79,1.33,45.82
685,293136,2.0,78.79,0.0,0.0
686,262301,1.0,58.07,0.0,0.0
687,283575,2.75,129.6,2.33,90.12
688,271288,0.0,0.0,1.0,41.45
689,299247,1.0,39.27,0.0,0.0
690,299167,NA,NA,NA,NA
691,295873,1.5,87.11,0.0,0.0
692,283586,2.5,98.48,1.0,34.45
693,279491,4.2,165.45,8.0,275.58
694,295155,2.67,155.05,0.0,0.0
695,299169,NA,NA,NA,NA
696,295884,1.0,58.07,0.0,0.0
697,290273,1.6,92.91,2.33,133.77
698,299172,0.0,0.0,2.0,77.36
699,275418,NA,NA,NA,NA
700,267227,2.67,155.05,1.0,57.41
701,291403,2.0,94.26,1.0,38.68
702,242654,1.0,47.13,0.0,0.0
703,287716,NA,NA,NA,NA
704,279525,1.5,59.09,1.0,34.45
705,242665,2.0,116.14,5.5,315.76
706,209898,2.0,116.14,2.33,133.77
707,299175,NA,NA,NA,NA
708,295920,NA,NA,NA,NA
709,297128,3.0,117.82,3.0,97.44
710,242676,1.5,87.11,0.0,0.0
711,299177,NA,NA,NA,NA
712,209912,1.33,62.68,5.0,193.39
713,293034,NA,NA,NA,NA
714,246783,1.0,52.38,2.0,82.89
715,279558,1.0,39.39,3.0,103.34
716,271368,1.5,87.11,0.0,0.0
717,242698,1.5,87.11,0.0,0.0
718,242701,2.5,117.82,6.0,232.07
719,299181,3.0,141.38,2.0,77.36
720,266543,2.0,116.14,0.0,0.0
721,283666,1.67,96.98,3.0,172.23
722,299277,10.0,471.28,31.0,1199.01
723,286894,2.5,98.48,1.0,34.45
724,246806,NA,NA,NA,NA
725,250903,1.5,87.11,2.33,133.77
726,205851,1.67,96.98,2.0,114.82
727,288036,1.0,39.39,1.0,34.45
728,279582,1.5,59.09,1.5,51.67
729,250914,3.0,174.21,3.5,200.94
730,234532,NA,NA,NA,NA
731,205862,NA,NA,NA,NA
732,299185,NA,NA,NA,NA
733,294540,1.67,78.7,1.25,48.35
734,275497,1.5,87.11,0.0,0.0
735,283690,1.0,47.13,2.0,77.36
736,250925,1.33,69.66,1.0,41.45
737,255022,2.0,94.26,3.6,139.24
738,234543,2.6,150.99,4.8,275.57
739,288264,1.33,62.68,2.0,77.36
740,287795,NA,NA,NA,NA
741,299414,NA,NA,NA,NA
742,283702,1.0,47.13,1.0,38.68
743,299188,NA,NA,NA,NA
744,289291,1.0,58.07,1.0,57.41
745,209980,2.33,135.31,0.0,0.0
746,295997,1.0,58.07,0.0,0.0
747,299142,2.0,116.14,0.0,0.0
748,287807,1.0,39.27,1.0,32.48
749,291904,1.5,87.11,0.0,0.0
750,271200,3.67,144.57,3.0,103.34
751,299193,0.0,0.0,1.0,38.68
752,250947,1.5,87.11,1.0,57.41
753,259140,1.5,87.11,0.0,0.0
754,218183,1.0,58.07,0.0,0.0
755,299191,NA,NA,NA,NA
756,283724,3.6,169.66,2.8,108.3
757,275533,2.0,116.14,1.33,76.36
758,250958,2.0,116.14,2.33,133.77
759,239117,3.0,157.14,2.33,96.57
760,238672,2.33,122.04,1.0,41.45
761,299084,2.75,108.0,2.33,75.67
762,206284,1.6,92.91,1.0,57.41
763,283735,2.33,109.81,3.5,135.37
764,234587,1.67,96.98,0.0,0.0
765,291937,2.5,117.82,4.0,154.71
766,283746,1.83,86.24,4.0,154.71
767,279651,1.6,92.29,3.2,152.96
768,234598,NA,NA,NA,NA
769,275566,1.0,58.07,1.0,57.41
770,299197,1.0,47.13,0.0,0.0
771,234612,1.0,58.07,0.0,0.0
772,266430,1.8,104.53,3.33,191.18
773,210038,1.5,87.11,2.0,114.82
774,276503,1.33,77.23,1.33,76.36
775,291961,2.0,78.79,0.0,0.0
776,299144,1.5,70.69,1.0,38.68
777,299199,0.0,0.0,2.0,77.36
778,296023,1.0,47.13,0.0,0.0
779,230527,1.0,58.07,1.0,57.41
780,222336,1.67,96.98,1.0,57.41
781,287875,NA,NA,NA,NA
782,275588,1.0,58.07,0.0,0.0
783,267397,2.0,116.14,1.43,82.1
784,255113,2.0,116.14,5.0,287.05
785,234634,1.33,77.23,1.0,57.41
786,201868,1.33,77.23,5.5,315.76
787,299202,NA,NA,NA,NA
788,293741,1.0,39.39,0.0,0.0
789,239128,2.75,129.6,3.75,145.04
790,275602,2.6,122.53,2.67,103.27
791,255124,1.5,87.11,2.0,114.82
792,281454,2.6,150.99,2.8,160.75
793,243225,1.5,70.69,8.0,309.42
794,299145,1.0,39.27,2.0,64.96
795,248687,3.75,196.42,1.0,41.45
796,299205,NA,NA,NA,NA
797,234656,1.67,87.47,0.0,0.0
798,269851,1.5,87.11,1.0,57.41
799,283815,1.0,58.07,0.0,0.0
800,255146,2.0,116.14,0.0,0.0
801,234667,1.0,58.07,0.0,0.0
802,289462,1.25,72.59,0.0,0.0
803,201904,1.0,58.07,0.0,0.0
804,299208,NA,NA,NA,NA
805,292018,3.75,147.73,3.33,114.71
806,279731,2.25,130.66,2.5,143.53
807,292020,1.5,59.09,1.0,34.45
808,255157,1.0,58.07,1.5,86.12
809,234678,1.5,87.11,0.0,0.0
810,299412,NA,NA,NA,NA
811,234680,1.5,87.11,0.0,0.0
812,283837,1.0,47.13,1.0,38.68
813,279742,1.0,58.07,1.0,57.41
814,292031,3.2,126.06,3.4,117.12
815,255170,1.33,77.23,3.0,172.23
816,234691,2.0,116.14,1.0,57.41
817,222405,1.67,96.98,0.0,0.0
818,283848,1.0,58.07,1.0,57.41
819,279753,2.0,94.26,2.5,96.69
820,292042,2.67,105.18,2.0,68.9
821,271563,1.0,58.07,1.0,57.41
822,299213,NA,NA,NA,NA
823,222416,3.0,157.14,2.75,113.98
824,210131,1.0,58.07,1.0,57.41
825,275668,2.75,129.6,3.0,116.03
826,283861,2.0,116.14,2.0,114.82
827,246998,2.5,145.18,5.0,287.05
828,294584,1.5,87.11,0.0,0.0
829,255192,NA,NA,NA,NA
830,247002,1.0,58.07,1.0,57.41
831,222427,NA,NA,NA,NA
832,248698,1.0,58.07,0.0,0.0
833,289600,1.5,70.69,0.0,0.0
834,247013,1.0,58.07,0.0,0.0
835,299284,1.5,70.69,0.0,0.0
836,222440,1.0,58.07,2.0,114.82
837,279786,2.0,78.79,1.5,51.67
838,292075,2.75,108.33,2.33,80.26
839,295122,1.0,58.07,0.0,0.0
840,267502,1.0,58.07,0.0,0.0
841,234736,NA,NA,NA,NA
842,206067,NA,NA,NA,NA
843,279797,1.0,58.07,1.0,57.41
844,292086,3.5,137.88,1.5,51.67
845,288297,1.5,87.11,1.67,95.88
846,299454,NA,NA,NA,NA
847,263417,1.0,58.07,0.0,0.0
848,271610,1.5,87.11,3.0,172.23
849,234747,1.5,78.57,3.0,124.34
850,299012,1.25,58.91,4.6,177.92
851,290513,7.25,285.6,8.0,275.58
852,292097,1.5,59.09,1.83,63.04
853,279811,3.0,141.38,5.0,193.39
854,292100,1.33,52.39,0.0,0.0
855,288982,1.0,58.07,0.0,0.0
856,234758,1.5,86.52,1.5,71.7
857,234760,1.67,96.98,0.0,0.0
858,284204,1.0,58.07,1.0,57.41
859,210186,NA,NA,NA,NA
860,290147,2.5,117.82,4.0,154.71
861,279822,1.0,47.13,1.0,38.68
862,292111,NA,NA,NA,NA
863,259344,NA,NA,NA,NA
864,247057,1.6,92.91,2.5,143.53
865,218387,1.0,58.07,1.0,57.41
866,251438,3.8,220.67,5.8,332.98
867,278145,1.0,58.07,1.0,57.41
868,279833,1.33,77.23,1.33,76.36
869,267546,3.5,203.25,3.25,186.58
870,247068,4.2,243.9,0.0,0.0
871,255261,1.75,100.94,1.0,47.8
872,234782,1.33,77.23,0.0,0.0
873,218401,1.25,72.59,2.5,143.53
874,299286,2.75,129.6,0.0,0.0
875,210211,NA,NA,NA,NA
876,275748,1.0,58.07,3.0,172.23
877,292133,2.33,91.79,4.5,155.02
878,269873,1.0,47.13,3.0,116.03
879,247081,1.4,81.3,0.0,0.0
880,282162,1.5,70.69,0.0,0.0
881,210222,1.33,77.23,1.0,57.41
882,286941,4.83,190.27,5.0,172.24
883,267568,1.33,77.23,2.0,114.82
884,271665,2.33,109.81,3.33,128.8
885,267570,3.5,164.95,4.0,154.71
886,247092,1.0,47.13,0.0,0.0
887,234805,1.5,78.57,1.88,77.92
888,299331,7.0,274.91,14.5,470.94
889,206136,2.75,159.7,4.5,258.35
890,210233,1.75,100.94,1.0,47.8
891,292155,2.8,110.3,1.0,34.45
892,288060,NA,NA,NA,NA
893,263485,1.0,58.07,0.0,0.0
894,247104,2.67,155.05,3.5,200.94
895,296056,2.67,125.83,2.5,96.69
896,292166,3.2,126.06,3.0,103.34
897,275783,1.8,104.53,3.0,172.23
898,271927,2.0,116.14,1.5,86.12
899,206158,3.0,174.21,2.33,133.77
900,292177,1.0,39.39,1.0,34.45
901,288082,1.0,58.07,2.0,114.82
902,267604,2.25,130.66,1.5,86.12
903,247126,1.5,87.11,0.0,0.0
904,234840,NA,NA,NA,NA
905,284900,2.0,116.14,2.25,129.17
906,292188,1.5,70.69,1.0,38.68
907,288093,2.0,116.14,4.0,229.64
908,275806,2.62,137.23,2.14,88.69
909,267615,NA,NA,NA,NA
910,247137,1.5,87.11,0.0,0.0
911,299269,NA,NA,NA,NA
912,248038,NA,NA,NA,NA
913,206182,1.33,77.23,0.0,0.0
914,279913,1.75,101.62,3.0,172.23
915,267626,1.0,47.13,2.0,77.36
916,259435,1.0,57.68,1.0,47.8
917,247148,2.0,116.14,4.0,229.64
918,247150,1.75,82.47,0.0,0.0
919,257597,1.6,92.91,2.0,114.82
920,206193,1.0,58.07,0.0,0.0
921,219734,NA,NA,NA,NA
922,275828,1.0,58.07,0.0,0.0
923,267637,2.5,98.48,1.33,45.82
924,271734,2.0,78.79,1.0,34.45
925,285377,NA,NA,NA,NA
926,299289,3.0,141.38,11.0,425.46
927,206205,2.0,116.14,0.0,0.0
928,279935,1.25,72.59,1.8,103.34
929,292224,1.8,70.91,1.0,34.45
930,284033,1.0,58.07,0.0,0.0
931,267650,1.0,58.07,0.0,0.0
932,234884,1.0,58.07,3.0,172.23
933,242687,2.2,127.76,1.0,57.41
934,206216,NA,NA,NA,NA
935,299244,NA,NA,NA,NA
936,288138,1.0,58.07,0.0,0.0
937,291106,NA,NA,NA,NA
938,259468,1.0,58.07,0.0,0.0
939,243087,3.0,174.21,5.0,287.05
940,267843,NA,NA,NA,NA
941,289006,2.0,116.14,0.0,0.0
942,292246,2.67,105.18,8.0,275.58
943,275863,2.75,159.7,2.0,114.82
944,267672,NA,NA,NA,NA
945,255556,NA,NA,NA,NA
946,243098,1.0,58.07,0.0,0.0
947,234907,0.0,0.0,1.0,57.41
948,299168,1.0,47.13,0.0,0.0
949,299359,NA,NA,NA,NA
950,296353,1.5,86.52,2.0,95.6
951,288162,2.0,116.14,2.0,114.82
952,271780,2.4,139.37,1.6,91.86
953,234918,NA,NA,NA,NA
954,299249,NA,NA,NA,NA
955,292268,1.0,39.39,0.0,0.0
956,252146,1.0,58.07,0.0,0.0
957,292270,2.4,94.54,7.5,258.36
958,292144,2.8,110.3,2.25,77.51
959,279514,3.0,118.18,3.0,103.34
960,247217,NA,NA,NA,NA
961,251314,1.0,58.07,1.0,57.41
962,234931,1.0,58.07,1.0,57.41
963,279992,NA,NA,NA,NA
964,278772,1.0,47.13,0.0,0.0
965,247228,3.2,185.83,3.33,191.18
966,255421,1.33,77.23,1.0,57.41
967,234942,2.0,116.14,2.0,114.82
968,292290,1.5,59.09,2.0,68.9
969,288195,1.0,39.39,0.0,0.0
970,292292,1.0,47.13,1.0,38.68
971,280006,1.0,58.07,2.0,114.82
972,247241,2.0,116.14,0.0,0.0
973,202188,1.0,58.07,0.0,0.0
974,273241,NA,NA,NA,NA
975,288207,1.0,47.13,0.0,0.0
976,292304,3.0,118.18,2.0,68.9
977,292430,2.0,94.26,3.0,116.03
978,230870,NA,NA,NA,NA
979,288218,1.0,39.39,1.0,34.45
980,208463,1.57,91.17,3.0,172.23
981,275932,1.0,58.07,2.0,114.82
982,293114,1.0,47.13,2.0,77.36
983,251358,0.0,0.0,1.0,57.41
984,243167,1.5,87.11,3.0,172.23
985,226784,1.0,57.68,1.0,47.8
986,230881,NA,NA,NA,NA
987,299259,NA,NA,NA,NA
988,292326,1.0,47.13,1.0,38.68
989,299155,1.0,58.07,0.0,0.0
990,280041,NA,NA,NA,NA
991,243178,1.5,87.11,1.0,57.41
992,298623,3.0,141.38,3.25,125.7
993,230892,1.0,58.07,0.0,0.0
994,290386,3.0,174.21,10.0,574.1
995,206318,NA,NA,NA,NA
996,210415,5.0,290.36,2.5,143.53
997,292337,1.75,68.94,0.0,0.0
998,284146,1.0,58.07,0.0,0.0
999,271860,NA,NA,NA,NA
1000,295166,2.75,159.7,3.0,172.23
1001,251382,1.0,58.07,1.0,57.41
1002,243191,1.5,86.52,0.0,0.0
1003,289473,1.83,106.27,3.0,172.23
1004,206331,1.6,92.91,1.0,57.41
1005,292348,2.0,78.79,3.0,103.34
1006,292350,2.0,78.79,0.0,0.0
1007,263680,1.4,81.3,3.25,186.58
1008,251393,1.0,58.07,0.0,0.0
1009,226818,1.0,58.07,0.0,0.0
1010,283063,1.33,62.68,1.0,38.68
1011,206342,3.0,174.21,0.0,0.0
1012,296455,1.0,52.38,1.33,55.12
1013,284168,1.0,58.07,0.0,0.0
1014,251405,NA,NA,NA,NA
1015,206353,2.0,116.14,1.0,57.41
1016,296466,1.0,58.07,0.0,0.0
1017,288275,2.17,102.27,4.2,162.45
1018,267796,2.33,109.81,11.33,438.22
1019,251416,1.0,52.38,5.0,207.23
1020,241924,2.0,104.76,1.4,58.02
1021,206364,1.5,87.11,2.0,114.82
1022,210461,NA,NA,NA,NA
1023,275998,0.0,0.0,1.0,57.41
1024,292383,1.5,70.69,3.0,116.03
1025,267808,2.0,94.26,0.0,0.0
1026,267810,1.5,87.11,2.75,157.88
1027,251427,NA,NA,NA,NA
1028,243236,1.0,58.07,0.0,0.0
1029,289030,NA,NA,NA,NA
1030,296488,2.75,108.33,2.0,68.9
1031,202281,2.0,104.76,0.0,0.0
1032,296490,1.67,72.85,2.0,107.96
1033,299271,8.33,483.73,37.0,2124.18
1034,280108,1.0,39.39,2.0,68.9
1035,276013,2.0,116.14,0.0,0.0
1036,280110,0.0,0.0,2.0,68.9
1037,294493,1.0,58.07,0.0,0.0
1038,299295,5.5,259.2,6.5,251.41
1039,252168,1.67,96.98,0.0,0.0
1040,206386,NA,NA,NA,NA
1041,210483,1.0,58.07,3.0,172.23
1042,202292,2.6,136.18,0.0,0.0
1043,296502,1.25,54.53,1.83,98.79
1044,260361,1.0,58.07,0.0,0.0
1045,280121,1.6,63.03,0.0,0.0
1046,243258,1.0,58.07,1.0,57.41
1047,243260,2.0,116.14,2.5,143.53
1048,206397,1.5,87.11,1.33,76.36
1049,210528,1.0,58.07,1.5,86.12
1050,271938,1.25,72.59,1.0,57.41
1051,276035,2.0,116.14,0.0,0.0
1052,271940,3.0,141.38,3.0,116.03
1053,228278,0.0,0.0,1.0,41.45
1054,210506,1.5,87.11,10.0,574.1
1055,206411,3.17,184.09,3.5,200.94
1056,288333,1.0,39.39,0.0,0.0
1057,276046,2.67,155.05,3.67,210.7
1058,271951,2.4,139.37,2.0,114.82
1059,279480,1.83,72.09,4.33,149.16
1060,243282,2.14,124.27,1.86,106.78
1061,210517,2.0,116.14,3.0,172.23
1062,288344,3.5,137.88,5.33,183.61
1063,292441,2.29,107.92,4.12,159.35
1064,284250,1.8,70.91,3.0,103.34
1065,299279,5.0,235.64,0.0,0.0
1066,222815,1.0,58.07,1.0,57.41
1067,218720,2.0,116.14,12.0,688.92
1068,284944,1.0,47.13,0.0,0.0
1069,210530,4.33,251.45,6.75,387.52
1070,276068,1.0,58.07,0.0,0.0
1071,259685,1.0,52.38,2.0,82.89
1072,276070,1.0,58.07,0.0,0.0
1073,299281,2.5,117.82,0.0,0.0
1074,243305,2.5,130.95,4.5,186.5
1075,222826,3.5,203.25,3.67,210.7
1076,218731,1.5,87.11,0.0,0.0
1077,299343,4.5,176.73,15.0,487.18
1078,280850,1.83,86.24,2.6,100.56
1079,280176,2.0,116.14,0.0,0.0
1080,264763,NA,NA,NA,NA
1081,255603,1.0,52.38,0.0,0.0
1082,243316,1.8,104.53,1.0,57.41
1083,281534,3.0,141.38,3.33,128.8
1084,218742,0.0,0.0,1.0,57.41
1085,284603,1.0,58.07,0.0,0.0
1086,210552,1.33,77.23,0.0,0.0
1087,248084,1.0,58.07,0.0,0.0
1088,292474,1.75,82.47,5.0,193.39
1089,276092,1.67,78.7,1.5,58.02
1090,255614,2.5,145.18,1.67,95.88
1091,243327,3.0,174.21,1.5,86.12
1092,256960,2.0,104.76,4.67,193.55
1093,274027,4.0,232.29,5.6,321.5
1094,292485,2.0,78.79,2.0,68.9
1095,288390,1.0,39.27,1.0,32.48
1096,276104,2.0,116.14,2.0,114.82
1097,255625,1.5,87.11,2.0,114.82
1098,272010,1.8,84.83,4.2,162.45
1099,251531,1.0,58.07,0.0,0.0
1100,218764,1.0,58.07,0.0,0.0
1101,210541,NA,NA,NA,NA
1102,292496,1.0,39.39,0.0,0.0
1103,275395,NA,NA,NA,NA
1104,272021,1.0,47.13,0.0,0.0
1105,251542,NA,NA,NA,NA
1106,218775,2.0,116.14,2.0,114.82
1107,290433,3.75,217.77,4.75,272.7
1108,295452,1.0,58.07,0.0,0.0
1109,292508,0.0,0.0,4.0,229.64
1110,203034,3.0,174.21,5.0,287.05
1111,255647,3.75,217.77,6.25,358.81
1112,259696,NA,NA,NA,NA
1113,218786,1.0,57.68,1.0,47.8
1114,202406,1.0,58.07,0.0,0.0
1115,276081,1.0,47.13,1.33,51.44
1116,284328,1.6,75.4,2.0,77.36
1117,267945,3.0,157.14,2.25,93.25
1118,290570,4.0,188.51,1.5,58.02
1119,243373,1.0,58.07,0.0,0.0
1120,290843,1.0,58.07,1.0,57.41
1121,292532,NA,NA,NA,NA
1122,284341,1.0,58.07,0.0,0.0
1123,272054,2.25,88.64,4.0,137.79
1124,281545,1.0,58.07,0.0,0.0
1125,243384,3.0,174.21,3.0,172.23
1126,218811,NA,NA,NA,NA
1127,267967,NA,NA,NA,NA
1128,284352,2.25,106.04,3.0,116.03
1129,272065,2.0,94.26,1.0,38.68
1130,299297,9.5,447.71,18.0,696.2
1131,267978,NA,NA,NA,NA
1132,284363,0.0,0.0,1.0,38.68
1133,272076,1.67,65.79,1.5,51.67
1134,255693,1.0,58.07,0.0,0.0
1135,251600,2.0,116.14,0.0,0.0
1136,299299,7.0,329.89,9.0,348.1
1137,292565,2.0,94.26,2.0,77.36
1138,263895,1.0,58.07,0.0,0.0
1139,299300,6.0,282.77,0.0,0.0
1140,251611,3.0,174.21,5.0,287.05
1141,218844,NA,NA,NA,NA
1142,299252,NA,NA,NA,NA
1143,299301,1.5,70.69,0.0,0.0
1144,292576,4.75,275.84,2.33,133.77
1145,272098,5.0,235.64,4.0,154.71
1146,260975,1.25,72.1,3.0,143.4
1147,255716,1.0,58.07,2.5,143.53
1148,272101,1.33,62.68,0.0,0.0
1149,251622,NA,NA,NA,NA
1150,218855,1.0,58.07,0.0,0.0
1151,299303,6.33,298.32,62.0,2398.02
1152,255727,1.0,58.07,0.0,0.0
1153,299165,NA,NA,NA,NA
1154,239345,NA,NA,NA,NA
1155,279252,4.0,232.29,6.0,344.46
1156,299305,4.67,220.09,25.0,966.94
1157,292760,2.0,94.26,4.25,164.38
1158,292601,1.0,47.13,0.0,0.0
1159,280314,1.0,58.07,0.0,0.0
1160,294527,1.0,39.39,1.0,34.45
1161,251644,1.0,58.07,0.0,0.0
1162,248107,2.0,116.14,0.0,0.0
1163,276228,1.0,39.39,0.0,0.0
1164,272134,4.4,173.33,7.75,266.97
1165,251655,NA,NA,NA,NA
1166,247560,3.0,174.21,4.33,248.59
1167,293125,1.25,58.91,2.25,87.03
1168,202508,NA,NA,NA,NA
1169,299309,1.5,59.09,0.0,0.0
1170,259856,NA,NA,NA,NA
1171,276241,1.33,77.23,3.0,172.23
1172,251666,NA,NA,NA,NA
1173,249475,1.75,101.62,2.0,114.82
1174,239380,1.0,58.07,2.0,114.82
1175,287022,3.0,118.18,2.4,82.67
1176,3716,1.0,62.5,0.0,0.0
1177,292634,1.33,77.23,6.5,373.17
1178,280347,1.0,58.07,1.0,57.41
1179,276252,2.33,135.31,1.0,57.41
1180,268061,1.0,58.07,3.0,172.23
1181,294802,1.0,58.07,3.0,172.23
1182,227105,NA,NA,NA,NA
1183,299307,6.5,256.06,5.0,172.24
1184,216027,0.0,0.0,1.0,47.8
1185,281088,1.0,58.07,0.0,0.0
1186,239403,1.67,78.7,4.4,170.18
1187,227116,1.0,58.07,0.0,0.0
1188,229682,1.0,52.38,1.5,62.17
1189,299198,NA,NA,NA,NA
1190,272008,1.0,47.13,1.0,38.68
1191,272178,1.0,47.13,2.0,77.36
1192,280883,3.75,176.73,3.0,116.03
1193,251702,1.33,77.23,2.0,114.82
1194,227127,NA,NA,NA,NA
1195,299316,2.0,78.79,0.0,0.0
1196,292667,1.5,59.09,3.2,110.23
1197,284476,1.0,58.07,1.83,105.06
1198,243338,1.0,58.07,0.0,0.0
1199,272191,1.0,47.13,0.0,0.0
1200,247616,NA,NA,NA,NA
1201,251713,1.5,87.11,0.0,0.0
1202,227138,2.5,144.2,6.67,318.82
1203,260406,NA,NA,NA,NA
1204,284487,1.5,87.11,1.0,57.41
1205,276296,1.0,58.07,0.0,0.0
1206,280393,1.0,58.07,1.0,57.41
1207,272203,3.0,141.38,1.33,51.44
1208,251724,1.67,96.98,2.0,114.82
1209,202576,1.67,87.47,1.0,41.45
1210,244024,1.0,58.07,0.0,0.0
1211,288594,1.0,47.13,2.0,77.36
1212,280405,1.5,70.69,0.0,0.0
1213,272214,2.33,91.51,3.33,108.15
1214,255831,3.2,167.61,5.71,236.65
1215,227162,NA,NA,NA,NA
1216,202587,1.0,58.07,0.0,0.0
1217,299322,6.5,256.06,15.0,516.72
1218,288606,3.0,141.38,3.33,128.8
1219,292703,1.0,58.07,0.0,0.0
1220,280416,NA,NA,NA,NA
1221,264034,1.25,72.59,2.5,143.53
1222,270651,1.5,87.11,1.25,71.76
1223,216038,2.0,115.36,4.33,206.97
1224,202598,1.33,77.23,0.0,0.0
1225,284988,4.0,232.29,3.25,186.58
1226,220135,1.67,96.33,0.0,0.0
1227,276332,1.33,77.23,1.67,95.88
1228,229693,1.6,83.81,5.5,227.95
1229,227184,1.0,58.07,1.0,57.41
1230,289768,2.0,116.14,2.0,114.82
1231,276115,2.5,117.82,2.0,77.36
1232,288628,1.67,96.98,1.67,95.88
1233,296821,NA,NA,NA,NA
1234,272247,1.0,47.13,1.33,51.44
1235,251768,1.5,87.11,1.33,76.36
1236,251770,NA,NA,NA,NA
1237,231292,1.4,73.33,1.4,58.02
1238,234793,1.33,69.66,2.5,103.61
1239,292736,4.25,167.42,2.0,68.9
1240,299328,3.0,117.82,1.0,32.48
1241,272258,2.6,122.53,5.4,208.86
1242,299236,NA,NA,NA,NA
1243,227207,NA,NA,NA,NA
1244,290455,3.0,141.38,3.2,123.77
1245,288652,2.25,88.64,0.0,0.0
1246,259982,1.5,87.11,2.0,114.82
1247,264080,2.25,106.04,3.0,116.03
1248,227218,1.5,87.11,4.0,229.64
1249,295235,2.67,105.18,2.75,94.73
1250,296854,1.0,47.13,1.0,38.68
1251,274073,1.67,78.7,1.0,38.68
1252,276376,1.0,47.13,0.0,0.0
1253,280473,1.0,58.07,1.5,86.12
1254,237931,1.0,58.07,0.0,0.0
1255,259481,2.0,94.26,3.0,116.03
1256,292771,1.0,58.07,1.0,57.41
1257,272293,3.0,141.38,0.0,0.0
1258,264103,1.75,82.47,3.33,128.8
1259,231337,1.0,58.07,0.0,0.0
1260,288685,2.0,116.14,1.5,86.12
1261,287933,1.75,68.73,1.0,32.48
1262,276401,1.0,47.13,1.25,48.35
1263,255922,NA,NA,NA,NA
1264,260020,1.5,87.11,2.0,114.82
1265,299337,5.0,196.37,6.0,194.87
1266,288696,3.0,141.38,3.25,125.7
1267,292793,1.5,70.69,0.0,0.0
1268,280507,2.0,116.14,5.33,306.0
1269,272316,NA,NA,NA,NA
1270,255933,1.0,58.07,2.0,114.82
1271,219073,1.67,96.98,0.0,0.0
1272,299339,4.5,176.73,4.0,129.91
1273,288708,1.0,39.39,1.33,45.82
1274,292805,1.0,47.13,1.0,38.68
1275,251553,1.0,58.07,0.0,0.0
1276,255944,1.0,58.07,0.0,0.0
1277,260428,1.0,47.13,1.0,38.68
1278,219084,2.5,145.18,2.5,143.53
1279,243362,1.0,58.07,1.5,86.12
1280,287170,2.0,116.14,2.0,114.82
1281,288721,5.75,226.51,6.25,215.3
1282,264147,2.6,102.42,1.0,34.45
1283,239950,3.0,141.38,0.0,0.0
1284,287443,1.0,58.07,2.0,114.82
1285,219095,1.75,101.62,0.0,0.0
1286,274084,2.4,113.11,1.0,38.68
1287,296923,1.0,58.07,1.0,57.41
1288,288732,1.5,59.09,2.0,68.9
1289,276445,1.0,47.13,0.0,0.0
1290,264160,1.0,58.07,0.0,0.0
1291,299344,3.5,137.46,0.0,0.0
1292,219107,1.33,77.23,0.0,0.0
1293,292838,2.2,86.67,2.25,77.51
1294,258385,1.0,52.38,2.0,82.89
1295,276456,NA,NA,NA,NA
1296,207868,0.0,0.0,1.0,57.41
1297,264171,1.75,101.62,3.0,172.23
1298,299346,3.0,117.82,0.0,0.0
1299,219118,2.0,116.14,2.2,126.3
1300,288754,2.25,88.64,6.5,223.91
1301,299310,3.5,137.88,0.0,0.0
1302,219131,1.75,101.62,5.33,306.0
1303,288765,1.0,39.39,0.0,0.0
1304,276478,1.0,47.13,1.0,38.68
1305,280575,1.0,47.13,0.0,0.0
1306,276480,2.33,109.81,1.0,38.68
1307,298667,3.0,141.38,2.0,77.36
1308,209238,3.0,174.21,2.0,114.82
1309,292873,NA,NA,NA,NA
1310,293171,2.0,78.79,1.0,34.45
1311,299311,6.0,236.36,35.0,1205.68
1312,223250,1.5,87.11,2.0,114.82
1313,292884,1.5,70.69,2.0,77.36
1314,248153,1.0,57.68,1.5,71.7
1315,280600,1.0,47.13,1.0,38.68
1316,299354,1.0,63.82,1.5,76.84
1317,288798,4.0,188.51,0.0,0.0
1318,292895,1.0,39.39,1.0,34.45
1319,284705,1.5,87.11,2.6,149.27
1320,276514,NA,NA,NA,NA
1321,256036,NA,NA,NA,NA
1322,260133,1.0,58.07,0.0,0.0
1323,299356,2.67,104.86,2.5,81.2
1324,299434,NA,NA,NA,NA
1325,292907,NA,NA,NA,NA
1326,288812,2.0,94.26,1.0,38.68
1327,276525,1.5,70.69,1.0,38.68
1328,280622,2.75,129.6,6.33,244.83
1329,299312,2.5,98.48,0.0,0.0
1330,260144,1.33,77.23,1.25,71.76
1331,275464,1.0,58.07,2.0,114.82
1332,297961,1.0,39.27,3.0,97.44
1333,292918,1.0,47.13,2.0,77.36
1334,207881,1.0,58.07,0.0,0.0
1335,256058,1.5,78.57,1.0,41.45
1336,264251,1.25,72.59,2.33,133.77
1337,256060,NA,NA,NA,NA
1338,279263,1.0,52.38,2.0,82.89
1339,284738,3.0,174.21,2.25,129.17
1340,292931,1.0,58.07,0.0,0.0
1341,280644,2.33,109.81,1.0,38.68
1342,263862,NA,NA,NA,NA
1343,256071,4.0,232.29,1.0,57.41
1344,286952,2.5,117.82,1.0,38.68
1345,215115,NA,NA,NA,NA
1346,298703,2.5,98.48,2.0,68.9
1347,288845,1.67,87.47,3.0,124.34
1348,276558,1.33,62.68,2.5,96.69
1349,280655,1.0,47.13,1.0,38.68
1350,260177,2.0,104.76,1.0,41.45
1351,256082,1.0,58.07,1.0,57.41
1352,297048,1.29,74.91,1.67,95.88
1353,239972,2.5,145.18,0.0,0.0
1354,280666,2.0,94.26,1.83,70.78
1355,272475,1.75,101.62,2.0,114.82
1356,260190,1.0,58.07,0.0,0.0
1357,299450,NA,NA,NA,NA
1358,215137,1.6,75.4,0.0,0.0
1359,223330,1.0,57.68,0.0,0.0
1360,278203,2.4,139.37,4.0,229.64
1361,299391,1.0,39.27,4.67,151.67
1362,284773,NA,NA,NA,NA
1363,264295,3.25,188.73,4.33,248.59
1364,260202,1.33,77.23,6.0,344.46
1365,299314,5.0,196.97,0.0,0.0
1366,287762,2.67,105.18,2.5,86.12
1367,280688,1.0,47.13,0.0,0.0
1368,299368,1.0,39.27,5.0,162.39
1369,260213,1.25,72.59,0.0,0.0
1370,223352,1.75,101.62,2.0,114.82
1371,211065,NA,NA,NA,NA
1372,288891,1.67,96.98,3.67,210.7
1373,229738,3.5,203.25,7.0,401.87
1374,256127,1.0,58.07,0.0,0.0
1375,260224,1.33,77.23,2.0,114.82
1376,223363,2.0,104.76,0.0,0.0
1377,211076,3.0,174.21,3.67,210.7
1378,292997,3.0,174.21,3.0,172.23
1379,297094,1.5,58.91,1.0,32.48
1380,276616,3.0,141.38,2.75,106.36
1381,229740,1.33,77.23,0.0,0.0
1382,247946,1.75,91.66,2.25,93.25
1383,260235,2.0,116.14,0.0,0.0
1384,256140,2.0,116.14,2.0,114.82
1385,291950,2.0,78.79,3.0,103.34
1386,298873,3.25,128.03,3.75,129.18
1387,299364,NA,NA,NA,NA
1388,276627,2.0,94.26,0.0,0.0
1389,280724,1.67,78.7,1.5,58.02
1390,205166,2.33,135.31,2.5,143.53
1391,256151,1.5,87.11,2.0,114.82
1392,295279,1.8,104.53,2.5,143.53
1393,297117,1.0,39.27,0.0,0.0
1394,260257,2.0,116.14,1.33,76.36
1395,256162,2.2,127.76,7.6,436.32
1396,231587,1.5,87.11,1.33,76.36
1397,223396,1.5,78.57,1.0,41.45
1398,274118,1.0,47.13,0.0,0.0
1399,289223,1.0,58.07,0.0,0.0
1400,299377,1.67,65.59,6.67,216.63
1401,288936,NA,NA,NA,NA
1402,280746,3.0,141.38,1.5,58.02
1403,276651,1.0,47.13,1.5,58.02
1404,260268,1.5,87.11,0.0,0.0
1405,256173,NA,NA,NA,NA
1406,231598,2.0,116.14,1.0,57.41
1407,215217,0.0,0.0,2.0,114.82
1408,202931,NA,NA,NA,NA
1409,275486,1.0,58.07,0.0,0.0
1410,286223,1.67,65.79,0.0,0.0
1411,215228,1.0,58.07,0.0,0.0
1412,292554,1.0,47.13,0.0,0.0
1413,288958,1.0,58.07,1.0,57.41
1414,293056,2.0,94.26,2.0,77.36
1415,276673,1.0,47.13,0.0,0.0
1416,256195,2.8,162.6,3.2,183.71
1417,289906,1.0,47.13,0.0,0.0
1418,288971,1.0,58.07,0.0,0.0
1419,276684,2.33,109.81,1.5,58.02
1420,280781,1.0,47.13,1.0,38.68
1421,251597,2.0,116.14,4.0,229.64
1422,284886,2.0,116.14,3.33,191.18
1423,299385,2.33,91.51,2.0,64.96
1424,293080,1.0,58.07,0.0,0.0
1425,239835,1.5,78.57,1.0,41.45
1426,243932,1.5,87.11,1.0,57.41
1427,231645,1.0,58.07,0.0,0.0
1428,239312,1.0,58.07,2.0,114.82
1429,293091,1.5,87.11,2.0,114.82
1430,280804,NA,NA,NA,NA
1431,239846,NA,NA,NA,NA
1432,243943,2.0,104.76,1.0,41.45
1433,295292,2.0,116.14,1.0,57.41
1434,215274,4.0,232.29,0.0,0.0
1435,276718,2.4,113.11,1.5,58.02
1436,284911,2.0,94.26,1.33,51.44
1437,276720,1.33,62.68,1.0,38.68
1438,243954,2.67,155.05,6.0,344.46
1439,248051,2.5,117.82,0.0,0.0
1440,215285,2.0,116.14,0.0,0.0
1441,280826,1.67,78.7,4.0,154.71
1442,276731,1.0,47.13,2.0,77.36
1443,280906,2.33,109.81,1.33,51.44
1444,290067,1.0,47.13,1.0,38.68
1445,239870,3.25,153.16,2.0,77.36
1446,245461,1.0,58.07,0.0,0.0
1447,211203,2.0,116.14,4.0,229.64
1448,203012,2.0,104.76,2.67,110.66
1449,284933,1.5,87.11,1.0,57.41
1450,276742,1.0,39.39,0.0,0.0
1451,299393,1.0,39.27,0.0,0.0
1452,243976,NA,NA,NA,NA
1453,239881,NA,NA,NA,NA
1454,252170,1.0,58.07,0.0,0.0
1455,299183,NA,NA,NA,NA
1456,203023,1.4,81.3,1.67,95.88
1457,280848,2.0,94.26,3.5,135.37
1458,289041,1.0,47.13,0.0,0.0
1459,264466,1.0,52.38,1.0,41.45
1460,239892,1.6,92.91,2.0,114.82
1461,299396,2.5,98.18,13.0,422.22
1462,207130,1.0,58.07,2.0,114.82
1463,284955,1.33,62.68,3.0,116.03
1464,289052,NA,NA,NA,NA
1465,280861,NA,NA,NA,NA
1466,243998,2.0,116.14,0.0,0.0
1467,248095,1.0,58.07,1.0,57.41
1468,239904,1.0,58.07,0.0,0.0
1469,244002,1.33,77.23,0.0,0.0
1470,239323,1.0,58.07,1.0,57.41
1471,207141,2.33,135.31,6.83,392.11
1472,289063,3.0,174.21,3.33,191.18
1473,293160,3.75,147.73,8.0,275.58
1474,272681,1.0,58.07,2.0,114.82
1475,260394,1.0,47.13,0.0,0.0
1476,239915,3.0,174.21,8.0,459.28
1477,231725,NA,NA,NA,NA
1478,207152,2.6,150.99,2.0,114.82
1479,299400,NA,NA,NA,NA
1480,299457,NA,NA,NA,NA
1481,268595,2.0,116.14,3.0,172.23
1482,249566,NA,NA,NA,NA
1483,239926,1.0,58.07,0.0,0.0
1484,287113,1.75,101.62,2.0,114.82
1485,248120,3.0,174.21,0.0,0.0
1486,283462,2.0,116.14,1.33,76.36
1487,211260,1.0,58.07,0.0,0.0
1488,299321,3.5,137.88,0.0,0.0
1489,284990,NA,NA,NA,NA
1490,245472,2.0,116.14,0.0,0.0
1491,248131,1.0,58.07,0.0,0.0
1492,227652,1.33,77.23,1.0,57.41
1493,207174,5.75,333.91,10.25,588.46
1494,211271,4.2,219.99,8.0,331.56
1495,289096,1.0,47.13,1.0,38.68
1496,293193,1.75,68.94,1.0,34.45
1497,268618,2.75,129.6,2.75,106.36
1498,239948,2.83,164.34,4.67,268.11
1499,256333,2.5,145.18,1.0,57.41
1500,248142,1.0,58.07,0.0,0.0
1501,299401,NA,NA,NA,NA
1502,299458,NA,NA,NA,NA
1503,207185,1.0,58.07,3.75,215.29
1504,293205,0.0,0.0,1.0,38.68
1505,289110,1.5,59.09,2.0,68.9
1506,260441,2.0,116.14,2.0,114.82
1507,227674,1.5,87.11,2.67,153.29
1508,299407,1.0,58.07,0.0,0.0
1509,293730,2.0,78.79,0.0,0.0
1510,280928,1.0,47.13,2.0,77.36
1511,285025,3.0,141.38,3.67,141.95
1512,248164,NA,NA,NA,NA
1513,239334,2.67,155.05,3.5,200.94
1514,299186,NA,NA,NA,NA
1515,293227,2.75,108.33,2.0,68.9
1516,245448,3.0,174.21,0.0,0.0
1517,256366,1.5,70.69,1.0,38.68
1518,248175,1.5,87.11,3.0,172.23
1519,227696,1.0,47.13,0.0,0.0
1520,207221,3.5,203.25,9.0,516.69
1521,293238,3.0,118.18,1.75,60.28
1522,289143,1.0,52.38,5.2,215.52
1523,293240,2.0,78.79,2.0,68.9
1524,256377,1.5,87.11,1.5,86.12
1525,227708,2.0,116.14,1.8,103.34
1526,227710,1.33,77.23,4.0,229.64
1527,207232,3.0,174.21,5.33,306.0
1528,294892,5.67,223.36,14.5,499.49
1529,285058,NA,NA,NA,NA
1530,299182,NA,NA,NA,NA
1531,299429,NA,NA,NA,NA
1532,299187,NA,NA,NA,NA
1533,260452,2.5,145.18,1.5,86.12
1534,237975,2.0,116.14,1.0,57.41
1535,289165,1.5,87.11,0.0,0.0
1536,293262,NA,NA,NA,NA
1537,285071,1.0,58.07,0.0,0.0
1538,299416,NA,NA,NA,NA
1539,227732,2.67,155.05,2.86,164.19
1540,216814,1.33,76.72,1.25,59.75
1541,203158,2.0,104.76,2.67,110.66
1542,297367,1.0,57.68,7.5,358.49
1543,272794,1.4,81.3,5.29,303.7
1544,259823,1.0,58.07,2.0,114.82
1545,256413,NA,NA,NA,NA
1546,288413,5.2,204.22,5.2,168.89
1547,299419,NA,NA,NA,NA
1548,293284,1.5,87.11,2.0,114.82
1549,285093,1.67,78.7,1.67,64.59
1550,281000,2.0,94.26,2.67,103.27
1551,227754,NA,NA,NA,NA
1552,290546,2.4,113.11,2.0,77.36
1553,293295,1.0,47.13,0.0,0.0
1554,289201,1.5,87.11,0.0,0.0
1555,256435,1.0,58.07,11.0,631.51
1556,227765,NA,NA,NA,NA
1557,278260,1.0,58.07,0.0,0.0
1558,293307,1.75,82.47,2.0,77.36
1559,289212,1.5,78.57,1.0,41.45
1560,292064,2.67,105.18,2.33,80.26
1561,249590,1.5,87.11,1.0,57.41
1562,293318,2.33,109.81,2.4,92.83
1563,283041,1.5,70.69,0.0,0.0
1564,293320,3.25,127.64,2.25,73.08
1565,264650,NA,NA,NA,NA
1566,227787,4.5,261.32,1.5,86.12
1567,262562,2.0,116.14,1.0,57.41
1568,281044,1.0,47.13,0.0,0.0
1569,297380,3.0,118.18,3.5,120.57
1570,297436,2.5,98.18,6.0,194.87
1571,255738,1.0,52.38,3.0,124.34
1572,281055,1.0,47.13,0.0,0.0
1573,234576,NA,NA,NA,NA
1574,264956,1.25,65.47,1.0,41.45
1575,299171,NA,NA,NA,NA
1576,273321,1.8,104.53,0.0,0.0
1577,276968,0.0,0.0,1.0,57.41
1578,239356,1.0,58.07,0.0,0.0
1579,281066,2.6,122.53,2.2,85.09
1580,281682,1.5,70.69,2.0,77.36
1581,215536,1.0,58.07,2.0,114.82
1582,297460,1.5,87.11,0.0,0.0
1583,264694,1.0,58.07,0.0,0.0
1584,295337,1.33,77.23,2.0,114.82
1585,227834,NA,NA,NA,NA
1586,274858,1.6,92.91,1.0,57.41
1587,293375,2.0,78.79,0.0,0.0
1588,272896,1.0,58.07,0.0,0.0
1589,281090,1.0,58.07,0.0,0.0
1590,299435,NA,NA,NA,NA
1591,277244,2.0,94.26,1.33,51.44
1592,299436,NA,NA,NA,NA
1593,293386,NA,NA,NA,NA
1594,287831,3.2,125.67,3.5,113.67
1595,299325,5.5,216.0,0.0,0.0
1596,264717,3.0,174.21,1.5,86.12
1597,281102,3.0,141.38,0.0,0.0
1598,262573,1.67,96.98,2.5,143.53
1599,211475,2.5,145.18,4.0,229.64
1600,299415,NA,NA,NA,NA
1601,289303,NA,NA,NA,NA
1602,293400,2.67,125.83,2.25,87.03
1603,264730,NA,NA,NA,NA
1604,297391,2.0,78.55,2.0,64.96
1605,203295,2.25,130.66,3.0,172.23
1606,299465,NA,NA,NA,NA
1607,293411,1.0,58.07,0.0,0.0
1608,256548,2.0,116.14,3.33,191.18
1609,264741,NA,NA,NA,NA
1610,203307,NA,NA,NA,NA
1611,295510,2.5,130.95,0.0,0.0
1612,299433,1.0,39.27,0.0,0.0
1613,272943,1.0,58.07,0.0,0.0
1614,264752,1.33,77.23,1.0,57.41
1615,298760,2.67,125.83,2.5,96.69
1616,299443,NA,NA,NA,NA
1617,219701,1.0,52.38,2.0,82.89
1618,203318,2.17,126.01,7.0,401.87
1619,297527,1.0,39.39,0.0,0.0
1620,203320,1.0,58.07,0.0,0.0
1621,293433,2.0,94.26,2.67,103.27
1622,260667,2.0,116.14,3.0,172.23
1623,265994,1.0,58.07,2.0,114.82
1624,219712,1.33,69.66,2.0,82.89
1625,297538,2.0,94.26,0.0,0.0
1626,289347,1.0,39.39,0.0,0.0
1627,295350,1.0,47.13,0.0,0.0
1628,264774,1.0,58.07,0.0,0.0
1629,234827,1.33,77.23,3.0,172.23
1630,257804,1.0,58.07,1.25,71.76
1631,223818,1.75,101.62,1.5,86.12
1632,215627,NA,NA,NA,NA
1633,223820,2.5,145.18,3.67,210.7
1634,296034,3.2,185.83,3.25,186.58
1635,245517,1.5,87.11,1.0,57.41
1636,285264,2.0,94.26,0.0,0.0
1637,299448,NA,NA,NA,NA
1638,256594,NA,NA,NA,NA
1639,275555,1.0,52.38,0.0,0.0
1640,215638,NA,NA,NA,NA
1641,223831,1.0,52.38,0.0,0.0
1642,293466,3.33,193.38,7.0,401.87
1643,289371,2.0,78.79,2.0,68.9
1644,277084,1.0,58.07,0.0,0.0
1645,281181,1.0,58.07,1.0,57.41
1646,299267,3.67,172.96,7.0,270.74
1647,219745,3.0,174.21,4.5,258.35
1648,207458,1.33,77.23,0.0,0.0
1649,297403,2.0,78.55,2.0,64.96
1650,289382,NA,NA,NA,NA
1651,272145,2.67,125.83,3.0,116.03
1652,264808,2.0,94.26,1.0,38.68
1653,238012,2.17,113.66,6.0,248.67
1654,264810,1.0,58.07,0.0,0.0
1655,223853,2.0,115.36,4.33,206.97
1656,215662,1.5,87.11,0.0,0.0
1657,299453,NA,NA,NA,NA
1658,293488,3.0,118.18,3.0,103.34
1659,298771,2.0,94.26,2.0,77.36
1660,295521,1.0,58.07,0.0,0.0
1661,248437,1.0,58.07,0.0,0.0
1662,256630,1.33,62.68,1.67,64.59
1663,219767,8.0,464.57,5.0,287.05
1664,215673,1.5,87.11,1.0,57.41
1665,207482,2.5,145.18,1.0,57.41
1666,299468,NA,NA,NA,NA
1667,277118,1.0,47.13,0.0,0.0
1668,248448,1.5,87.11,0.0,0.0
1669,219778,1.0,58.07,0.0,0.0
1670,223875,NA,NA,NA,NA
1671,219780,2.0,116.14,4.33,248.59
1672,295361,1.5,70.69,0.0,0.0
1673,289416,1.0,39.39,2.0,68.9
1674,250504,0.0,0.0,2.0,114.82
1675,260747,1.0,58.07,0.0,0.0
1676,248461,NA,NA,NA,NA
1677,219791,1.75,101.62,0.0,0.0
1678,249624,1.0,47.13,0.0,0.0
1679,297026,1.0,58.07,1.0,57.41
1680,289427,2.0,94.26,2.0,77.36
1681,293524,NA,NA,NA,NA
1682,281237,1.8,94.28,3.25,134.7
1683,272327,1.0,47.13,0.0,0.0
1684,299460,NA,NA,NA,NA
1685,229146,1.33,69.66,0.0,0.0
1686,297631,1.67,78.7,0.0,0.0
1687,285344,1.0,47.13,1.0,38.68
1688,297414,1.0,39.27,0.0,0.0
1689,219814,NA,NA,NA,NA
1690,272156,1.0,39.39,0.0,0.0
1691,229831,2.0,116.14,1.5,86.12
1692,256685,1.0,58.07,0.0,0.0
1693,251677,2.0,116.14,0.0,0.0
1694,219825,3.0,174.21,5.0,287.05
1695,293557,4.25,200.29,6.25,241.74
1696,285366,3.75,176.73,4.0,154.71
1697,277175,1.75,82.47,0.0,0.0
1698,281272,NA,NA,NA,NA
1699,260793,4.75,248.8,3.4,140.91
1700,219836,3.0,174.21,2.0,114.82
1701,299466,NA,NA,NA,NA
1702,293568,4.33,170.57,8.0,275.58
1703,260326,1.0,47.13,0.0,0.0
1704,219847,1.0,58.07,2.67,153.29
1705,295372,2.0,78.79,4.33,149.16
1706,285388,1.5,59.09,2.0,68.9
1707,277197,2.0,78.79,1.0,34.45
1708,287181,1.25,49.24,1.67,57.53
1709,260816,2.0,116.14,0.0,0.0
1710,283768,1.6,75.4,1.6,61.88
1711,244434,NA,NA,NA,NA
1712,289495,1.67,65.79,4.0,137.79
1713,253732,3.0,174.21,1.0,57.41
1714,260736,2.67,155.05,1.0,57.41
1715,277211,NA,NA,NA,NA
1716,244445,NA,NA,NA,NA
1717,289507,1.25,72.59,2.0,114.82
1718,277222,7.25,341.68,6.0,232.07
1719,244456,5.0,290.36,4.5,258.35
1720,289518,2.0,94.26,2.0,77.36
1721,293615,2.33,91.79,2.5,86.12
1722,285424,1.0,47.13,0.0,0.0
1723,277233,5.67,223.36,4.5,155.02
1724,244467,1.0,58.07,0.0,0.0
1725,232182,2.0,116.14,6.0,344.46
1726,294562,1.67,78.7,2.0,77.36
1727,285140,1.0,39.39,0.0,0.0
1728,293626,5.75,226.51,7.0,241.14
1729,285435,3.5,137.88,7.33,252.5
1730,273148,3.75,217.77,8.0,459.28
1731,260862,2.0,104.76,10.0,414.45
1732,299336,7.0,274.91,0.0,0.0
1733,232193,2.0,116.14,1.0,57.41
1734,293637,3.0,118.18,4.0,137.79
1735,285446,NA,NA,NA,NA
1736,277255,NA,NA,NA,NA
1737,256776,1.0,58.07,0.0,0.0
1738,290604,4.0,188.51,11.0,425.46
1739,290912,1.5,87.11,0.0,0.0
1740,295383,NA,NA,NA,NA
1741,219723,NA,NA,NA,NA
1742,232205,3.0,173.04,6.0,286.79
1743,273695,1.0,58.07,0.0,0.0
1744,289553,NA,NA,NA,NA
1745,277266,1.67,78.7,2.0,77.36
1746,296067,1.33,77.23,0.0,0.0
1747,260884,4.25,246.8,3.5,200.94
1748,279560,3.0,118.18,5.0,172.24
1749,291972,2.33,91.79,1.0,34.45
1750,285468,3.67,172.96,4.0,154.71
1751,299375,2.0,78.55,3.67,119.2
1752,245552,2.67,125.83,5.0,193.39
1753,232227,3.0,174.21,9.0,516.69
1754,215844,4.4,230.47,5.33,220.9
1755,299085,3.67,144.13,0.0,0.0
1756,273194,1.0,58.07,1.0,57.41
1757,260907,NA,NA,NA,NA
1758,256812,1.0,58.07,0.0,0.0
1759,263986,3.0,174.21,4.0,229.64
1760,232238,1.67,96.98,0.0,0.0
1761,232240,2.0,116.14,0.0,0.0
1762,289586,1.0,39.39,0.0,0.0
1763,293683,3.0,118.18,5.0,172.24
1764,290466,1.5,70.69,1.0,38.68
1765,260918,1.5,87.11,1.0,57.41
1766,269111,2.0,94.26,1.0,38.68
1767,260920,1.0,58.07,0.0,0.0
1768,289597,3.8,179.09,6.0,232.07
1769,293694,6.5,256.06,8.0,275.58
1770,298805,3.75,176.73,2.0,77.36
1771,285504,2.75,159.7,1.33,76.36
1772,277313,NA,NA,NA,NA
1773,285184,5.25,247.42,12.25,473.8
1774,293706,3.33,131.18,4.33,149.16
1775,285515,7.5,435.54,10.8,620.03
1776,277324,2.25,130.66,2.75,157.88
1777,283108,3.67,172.96,3.8,146.98
1778,248654,1.0,52.38,2.5,103.61
1779,299446,NA,NA,NA,NA
1780,293717,3.0,118.18,4.0,137.79
1781,289622,3.4,133.94,2.0,68.9
1782,277335,1.0,58.07,0.0,0.0
1783,265048,1.8,104.53,4.0,229.64
1784,260953,1.0,52.38,0.0,0.0
1785,295111,2.0,115.36,5.4,258.11
1786,219621,2.0,116.14,3.0,172.23
1787,277346,1.0,58.07,0.0,0.0
1788,248676,1.5,87.11,1.5,86.12
1789,258534,1.5,70.69,2.0,77.36
1790,288572,NA,NA,NA,NA
1791,297447,1.75,68.73,1.5,48.72
1792,289644,2.0,94.26,7.0,270.74
1793,224402,1.0,58.07,2.0,114.82
1794,256878,1.5,87.11,1.0,57.41
1795,273263,NA,NA,NA,NA
1796,256880,NA,NA,NA,NA
1797,215924,NA,NA,NA,NA
1798,207733,2.0,116.14,0.0,0.0
1799,297846,1.0,47.13,0.0,0.0
1800,289655,1.0,47.13,0.0,0.0
1801,273274,1.5,70.69,0.0,0.0
1802,248701,NA,NA,NA,NA
1803,207744,2.83,133.37,2.0,77.36
1804,273285,1.0,58.07,1.0,57.41
1805,256903,1.0,58.07,0.0,0.0
1806,283110,1.8,84.83,2.67,103.27
1807,297868,1.25,65.47,3.0,124.34
1808,293774,NA,NA,NA,NA
1809,256914,2.17,126.01,1.33,76.36
1810,248723,1.5,78.57,1.67,69.21
1811,261012,3.0,157.14,3.33,138.01
1812,293067,NA,NA,NA,NA
1813,289688,1.0,47.13,0.0,0.0
1814,293785,2.75,108.33,3.67,126.42
1815,289690,1.0,39.39,2.0,68.9
1816,248734,NA,NA,NA,NA
1817,291312,2.2,86.67,2.6,89.56
1818,297892,2.0,78.79,2.33,80.26
1819,277415,0.0,0.0,1.0,57.41
1820,265128,1.5,87.11,1.0,57.41
1821,248745,NA,NA,NA,NA
1822,240555,2.0,116.14,0.0,0.0
1823,203694,1.25,72.59,2.75,157.88
1824,297904,2.5,98.18,2.0,64.96
1825,289713,1.0,47.13,0.0,0.0
1826,277426,2.0,116.14,0.0,0.0
1827,299342,3.5,137.46,0.0,0.0
1828,240566,1.75,101.62,0.0,0.0
1829,228280,2.0,104.76,1.67,69.21
1830,217588,1.33,69.66,2.5,103.61
1831,207802,1.0,58.07,0.0,0.0
1832,297915,3.0,118.18,5.0,172.24
1833,289724,1.33,62.68,0.0,0.0
1834,277437,4.0,232.29,5.25,301.4
1835,216962,2.0,116.14,0.0,0.0
1836,248767,1.33,76.72,1.5,71.7
1837,261056,2.0,116.14,2.0,114.82
1838,240577,2.0,116.14,3.33,191.18
1839,236482,1.5,87.11,1.5,86.12
1840,299157,2.0,116.14,2.0,114.82
1841,297926,1.0,39.27,0.0,0.0
1842,289735,1.67,78.7,1.67,64.59
1843,277448,3.0,174.21,0.0,0.0
1844,269257,1.0,58.07,0.0,0.0
1845,277450,1.0,52.38,2.75,113.98
1846,240590,3.2,167.61,4.6,190.65
1847,228303,1.0,58.07,0.0,0.0
1848,207824,1.0,58.07,1.0,57.41
1849,297937,3.67,144.13,4.25,138.03
1850,289746,4.0,157.57,3.0,103.34
1851,293843,3.0,157.14,2.75,113.98
1852,228314,NA,NA,NA,NA
1853,207835,1.33,77.23,1.75,100.47
1854,297948,4.75,186.55,5.5,178.63
1855,297950,2.0,78.55,2.0,64.96
1856,277472,1.0,58.07,0.0,0.0
1857,228325,1.33,69.66,12.5,518.07
1858,207846,1.6,83.81,2.25,93.25
1859,211943,2.0,116.14,3.5,200.94
1860,216040,1.0,58.07,0.0,0.0
1861,293865,1.5,78.57,3.0,124.34
1862,289770,2.75,129.6,5.0,193.39
1863,290342,1.67,96.98,4.33,248.59
1864,281580,2.25,106.04,1.67,64.59
1865,228336,1.0,58.07,0.0,0.0
1866,220146,1.33,77.23,0.0,0.0
1867,297972,1.0,39.27,1.0,32.48
1868,289781,0.0,0.0,1.33,76.36
1869,228347,1.33,77.23,1.0,57.41
1870,236540,NA,NA,NA,NA
1871,211965,1.0,58.07,0.0,0.0
1872,207870,2.0,116.14,0.0,0.0
1873,259925,1.33,62.68,2.0,77.36
1874,289792,1.0,58.07,0.0,0.0
1875,276992,1.33,77.23,2.25,129.17
1876,290752,1.8,104.53,0.0,0.0
1877,228358,2.0,116.14,0.0,0.0
1878,236551,NA,NA,NA,NA
1879,211976,1.0,58.07,0.0,0.0
1880,216073,2.0,116.14,4.0,229.64
1881,297994,4.75,187.12,6.75,232.52
1882,251735,1.0,58.07,1.5,86.12
1883,289804,1.0,58.07,0.0,0.0
1884,299345,4.5,176.73,0.0,0.0
1885,236562,1.0,58.07,0.0,0.0
1886,207892,NA,NA,NA,NA
1887,299370,3.0,117.82,5.0,162.39
1888,289815,1.33,77.23,4.67,268.11
1889,290832,1.0,39.39,0.0,0.0
1890,203808,NA,NA,NA,NA
1891,295430,1.0,58.07,1.86,106.78
1892,224297,1.67,96.33,0.0,0.0
1893,299452,NA,NA,NA,NA
1894,203821,3.25,188.73,2.75,157.88
1895,257074,2.5,130.95,3.33,138.01
1896,232502,2.0,116.14,1.33,76.36
1897,254473,1.0,52.38,4.0,165.78
1898,289848,NA,NA,NA,NA
1899,281658,2.33,135.31,0.0,0.0
1900,257085,0.0,0.0,1.0,41.45
1901,246965,1.0,58.07,1.0,57.41
1902,228416,1.0,52.38,2.0,82.89
1903,284512,2.25,130.66,1.25,71.76
1904,203843,1.0,58.07,1.0,57.41
1905,289861,2.33,109.81,2.5,96.69
1906,263827,1.0,58.07,0.0,0.0
1907,281671,1.25,72.59,3.0,172.23
1908,299347,5.5,216.0,12.0,389.74
1909,207948,1.67,96.98,2.5,143.53
1910,251746,NA,NA,NA,NA
1911,207950,3.0,174.21,1.5,86.12
1912,277585,4.0,232.29,7.0,401.87
1913,269394,2.0,115.36,2.0,95.6
1914,257108,1.5,87.11,3.0,172.23
1915,207961,2.0,116.14,1.33,76.36
1916,299425,2.0,78.55,0.0,0.0
1917,289883,NA,NA,NA,NA
1918,227173,NA,NA,NA,NA
1919,299125,3.0,141.38,6.33,244.83
1920,212070,1.6,92.91,3.0,172.23
1921,295441,NA,NA,NA,NA
1922,269417,NA,NA,NA,NA
1923,261227,2.75,159.7,0.0,0.0
1924,232557,3.0,157.14,1.5,62.17
1925,207983,2.0,116.14,0.0,0.0
1926,285982,1.25,58.91,2.0,77.36
1927,298100,3.6,188.56,17.67,732.34
1928,277621,1.0,47.13,3.0,116.03
1929,265334,NA,NA,NA,NA
1930,288617,2.5,117.82,2.5,96.69
1931,261240,1.33,69.66,2.0,82.89
1932,254484,1.0,58.07,1.5,86.12
1933,207994,3.5,203.25,0.0,0.0
1934,220283,1.33,77.23,0.0,0.0
1935,289917,2.75,129.6,1.67,64.59
1936,298111,NA,NA,NA,NA
1937,269441,NA,NA,NA,NA
1938,284523,1.5,87.11,1.0,57.41
1939,224390,1.33,76.72,2.0,95.6
1940,208007,1.5,87.11,3.25,186.58
1941,289928,1.83,86.24,1.67,64.59
1942,289930,1.0,47.13,0.0,0.0
1943,269452,1.0,58.07,6.0,344.46
1944,208018,1.0,58.07,0.0,0.0
1945,292953,1.0,58.07,0.0,0.0
1946,208020,NA,NA,NA,NA
1947,289941,NA,NA,NA,NA
1948,240794,1.0,47.13,0.0,0.0
1949,208031,1.0,58.07,1.0,57.41
1950,285856,3.0,174.21,4.25,243.99
1951,299350,3.33,193.38,0.0,0.0
1952,240806,1.0,58.07,0.0,0.0
1953,203945,1.0,58.07,2.0,114.82
1954,208042,1.0,58.07,7.0,401.87
1955,289963,1.0,58.07,1.0,57.41
1956,299371,1.67,65.59,3.67,119.2
1957,265391,1.0,58.07,1.0,57.41
1958,287944,1.8,70.69,5.0,162.39
1959,203956,2.33,135.31,4.67,268.11
1960,208053,1.0,58.07,1.67,95.88
1961,298166,1.75,111.68,2.0,102.46
1962,299262,NA,NA,NA,NA
1963,258591,2.2,127.76,2.25,129.17
1964,203967,1.0,58.07,0.0,0.0
1965,289985,NA,NA,NA,NA
1966,246987,2.67,155.05,1.75,100.47
1967,244935,NA,NA,NA,NA
1968,261320,1.0,58.07,3.0,172.23
1969,289996,1.8,104.53,7.25,416.22
1970,208075,1.4,81.3,1.6,91.86
1971,203980,3.5,203.25,0.0,0.0
1972,298190,0.0,0.0,2.0,102.46
1973,277712,1.5,87.11,1.5,86.12
1974,236755,1.5,87.11,1.0,57.41
1975,224468,1.0,58.07,0.0,0.0
1976,234975,NA,NA,NA,NA
1977,203991,1.67,96.98,1.33,76.36
1978,281818,1.0,47.13,0.0,0.0
1979,236766,1.0,58.07,0.0,0.0
1980,299352,3.0,191.45,2.8,143.44
1981,259253,8.0,419.03,0.0,0.0
1982,204004,0.0,0.0,1.0,57.41
1983,277734,1.5,70.69,1.0,38.68
1984,281831,2.67,125.83,2.0,77.36
1985,240874,1.5,70.69,1.5,58.02
1986,204015,3.33,174.42,5.4,223.81
1987,299426,6.0,235.64,0.0,0.0
1988,265458,1.0,52.38,0.0,0.0
1989,257267,1.6,92.91,2.0,114.82
1990,236788,2.33,134.4,1.33,63.57
1991,216313,1.0,58.07,1.67,95.88
1992,204026,1.8,104.53,1.0,57.41
1993,277756,NA,NA,NA,NA
1994,273662,1.67,96.98,0.0,0.0
1995,240896,NA,NA,NA,NA
1996,254507,1.0,52.38,1.33,55.12
1997,275670,1.67,65.79,2.5,86.12
1998,237441,1.5,87.11,2.0,114.82
1999,290056,1.67,96.98,0.0,0.0
2000,297516,1.0,47.13,2.0,77.36
2001,265482,1.5,87.11,0.0,0.0
2002,245005,2.0,116.14,1.5,86.12
2003,240910,1.67,96.98,2.0,114.82
2004,299287,5.67,267.21,1.0,38.68
2005,251096,1.0,52.38,8.33,345.24
2006,285971,2.83,111.48,1.75,60.28
2007,210563,1.0,58.07,0.0,0.0
2008,298268,2.67,125.83,6.0,232.07
2009,285914,1.0,58.07,2.5,143.53
2010,281886,3.0,141.38,2.75,106.36
2011,277791,1.5,70.69,2.0,77.36
2012,290080,1.8,70.91,2.8,96.45
2013,277040,2.25,98.15,1.25,67.48
2014,290216,1.5,70.69,1.5,58.02
2015,294790,1.33,77.23,1.25,71.76
2016,299290,7.0,329.89,14.0,541.49
2017,281897,1.5,70.69,1.0,38.68
2018,290091,1.83,72.09,2.0,68.9
2019,216368,2.0,116.14,2.5,143.53
2020,286600,3.0,141.38,2.67,103.27
2021,216370,1.0,52.38,0.0,0.0
2022,277814,3.33,156.94,10.0,386.78
2023,281911,2.0,94.26,1.33,51.44
2024,261433,NA,NA,NA,NA
2025,216381,4.33,251.45,4.2,241.12
2026,277825,0.0,0.0,2.33,90.12
2027,281922,1.5,70.69,0.0,0.0
2028,257347,2.6,150.99,3.2,183.71
2029,254518,2.0,116.14,1.5,86.12
2030,277836,4.33,204.06,3.6,139.24
2031,281933,4.0,188.51,6.75,261.08
2032,240976,1.25,72.59,1.67,95.88
2033,250424,1.0,58.07,0.0,0.0
2034,298281,4.0,230.73,4.5,215.09
2035,277847,2.75,129.6,1.0,38.68
2036,281944,2.2,103.68,3.0,116.03
2037,249178,2.5,145.18,3.25,186.58
2038,240987,2.5,117.82,2.5,96.69
2039,248073,1.33,77.23,3.0,172.23
2040,234725,1.5,87.11,2.33,133.77
2041,298337,1.0,58.07,3.0,172.23
2042,277858,1.5,70.69,1.5,58.02
2043,277051,1.0,58.07,0.0,0.0
2044,277860,2.2,103.68,3.4,131.5
2045,257382,1.5,87.11,1.5,86.12
2046,245095,1.25,65.47,2.25,93.25
2047,241002,NA,NA,NA,NA
2048,204141,2.0,116.14,4.0,229.64
2049,281966,2.2,103.68,2.0,77.36
2050,290160,1.6,92.91,1.0,57.41
2051,257393,2.0,116.14,0.0,0.0
2052,287294,2.0,116.14,1.6,91.86
2053,204152,1.25,72.59,2.0,114.82
2054,288173,4.0,232.29,4.0,229.64
2055,241800,1.0,58.07,2.0,114.82
2056,290171,2.33,91.79,2.5,86.12
2057,3306,1.0,100.0,0.0,NA
2058,261502,1.0,58.07,0.0,0.0
2059,266816,0.0,0.0,2.5,143.53
2060,204163,1.0,58.07,0.0,0.0
2061,281988,2.0,94.26,3.0,116.03
2062,273797,1.67,96.98,1.5,86.12
2063,290182,1.5,70.69,2.0,77.36
2064,284567,1.33,77.23,4.0,229.64
2065,204174,1.0,58.07,2.0,114.82
2066,286096,1.0,47.13,0.0,0.0
2067,277905,4.25,200.29,3.67,141.95
2068,273811,2.0,94.26,0.0,0.0
2069,298372,1.0,47.13,1.0,38.68
2070,277916,4.0,188.51,5.0,193.39
2071,290205,2.25,130.66,7.0,401.87
2072,265631,6.0,348.43,1.33,76.36
2073,247024,3.0,174.21,2.67,153.29
2074,277062,1.0,58.07,1.33,76.36
2075,298406,2.25,88.64,2.75,94.73
2076,277927,1.5,87.11,2.0,114.82
2077,269736,2.0,116.14,0.0,0.0
2078,282025,2.2,103.68,2.0,77.36
2079,299174,NA,NA,NA,NA
2080,288993,1.6,75.4,5.0,193.39
2081,290034,2.0,94.26,2.0,77.36
2082,294813,1.0,58.07,0.0,0.0
2083,277938,1.33,77.23,1.67,95.88
2084,269747,1.0,58.07,0.0,0.0
2085,277940,1.0,58.07,5.0,287.05
2086,257462,2.0,104.76,0.0,0.0
2087,282047,1.5,70.69,1.67,64.59
2088,261568,1.5,78.57,1.0,41.45
2089,245186,3.0,174.21,4.75,272.7
2090,3523,NA,NA,NA,NA
2091,290262,2.0,116.14,1.25,71.76
2092,291174,1.0,58.07,1.0,57.41
2093,277962,1.0,47.13,0.0,0.0
2094,290251,1.0,58.07,0.0,0.0
2095,282060,NA,NA,NA,NA
2096,261581,1.0,58.07,0.0,0.0
2097,298678,1.67,78.7,2.0,77.36
2098,245200,1.5,87.11,0.0,0.0
2099,298691,3.75,147.73,4.0,137.79
2100,254542,1.5,87.11,2.0,114.82
2101,265686,1.25,72.59,2.67,153.29
2102,282071,1.0,47.13,3.0,116.03
2103,218753,NA,NA,NA,NA
2104,245211,1.0,58.07,0.0,0.0
2105,299245,2.0,78.55,2.0,64.96
2106,273888,3.0,174.21,0.0,0.0
2107,265697,1.0,58.07,2.5,143.53
2108,282082,2.0,94.26,1.5,58.02
2109,3556,1.0,39.27,1.0,32.48
2110,290284,3.71,194.32,5.67,235.0
2111,282093,1.25,58.91,1.33,51.44
2112,258580,2.0,104.76,1.5,62.17
2113,265711,5.0,261.89,2.6,107.76
2114,294824,4.6,267.13,3.5,200.94
2115,290295,3.83,222.41,4.6,264.09
2116,278008,7.0,329.89,2.33,90.12
2117,273913,NA,NA,NA,NA
2118,3580,1.0,62.5,1.0,100.0
2119,287317,1.0,39.39,2.33,80.26
2120,290307,2.5,145.18,1.0,57.41
2121,282116,3.0,141.38,4.0,154.71
2122,265733,2.0,116.14,1.5,86.12
2123,3591,1.0,62.5,0.0,0.0
2124,298680,3.0,118.18,2.0,68.9
2125,237485,1.67,96.98,3.0,172.23
2126,290320,1.8,104.53,2.0,114.82
2127,3603,1.0,62.5,0.0,0.0
2128,273946,2.25,106.04,2.33,90.12
2129,278043,1.8,84.83,2.33,90.12
2130,292543,1.0,58.07,0.0,0.0
2131,292816,2.0,94.26,2.0,77.36
2132,247046,2.67,155.05,3.0,172.23
2133,278054,1.0,47.13,0.0,0.0
2134,245288,NA,NA,NA,NA
2135,289952,1.0,47.13,0.0,0.0
2136,200238,1.0,58.07,2.0,114.82
2137,280132,1.0,47.13,1.5,58.02
2138,278065,1.67,78.7,2.0,77.36
2139,273970,1.0,47.13,1.0,38.68
2140,245302,2.25,130.66,3.0,172.23
2141,286267,1.5,70.69,0.0,0.0
2142,269884,1.0,58.07,0.0,0.0
2143,273981,NA,NA,NA,NA
2144,290741,1.0,58.07,1.0,57.41
2145,299447,NA,NA,NA,NA
2146,208452,1.5,87.11,2.0,114.82
2147,298565,1.0,47.13,1.0,38.68
2148,290375,2.67,155.05,4.67,268.11
2149,273992,1.0,58.07,0.0,0.0
2150,296227,1.67,96.98,2.0,114.82
2151,220751,1.33,77.23,0.0,0.0
2152,298576,1.75,82.47,1.5,58.02
2153,278098,2.0,116.14,7.0,401.87
2154,299292,3.0,141.38,0.0,0.0
2155,299228,2.0,78.79,0.0,0.0
2156,288014,1.0,58.07,2.67,153.29
2157,247263,3.5,203.25,3.5,200.94
2158,254564,0.0,0.0,1.0,57.41
2159,285162,2.4,113.11,5.0,193.39
2160,290397,NA,NA,NA,NA
2161,269918,1.67,78.7,3.0,116.03
2162,282207,2.0,116.14,1.0,57.41
2163,269920,1.75,82.47,2.0,77.36
2164,257633,2.0,116.14,1.33,76.36
2165,237155,1.67,96.98,3.0,172.23
2166,225894,1.67,96.98,2.0,114.82
2167,294505,2.0,116.14,0.0,0.0
2168,269931,1.0,58.07,0.0,0.0
2169,3693,NA,NA,NA,NA
2170,299374,1.5,58.91,4.0,129.91
2171,299207,NA,NA,NA,NA
2172,299229,NA,NA,NA,NA
2173,234771,NA,NA,NA,NA
2174,294846,3.0,118.18,1.0,34.45
2175,269942,NA,NA,NA,NA
2176,257655,1.0,58.07,0.0,0.0
2177,3705,1.6,100.0,4.0,400.0
2178,241274,1.67,96.98,0.0,0.0
2179,290364,3.6,209.06,1.67,95.88
2180,269953,1.0,58.07,0.0,0.0
2181,257666,1.0,58.07,0.0,0.0
2182,274051,1.0,47.13,0.0,0.0
2183,237188,1.0,52.38,1.25,51.81
2184,299366,2.0,78.55,3.33,108.15
2185,281226,1.75,101.62,2.0,114.82
2186,298634,2.25,106.04,2.0,77.36
2187,290444,3.25,188.73,4.0,229.64
2188,274062,2.0,94.26,2.0,77.36
2189,299230,NA,NA,NA,NA
2190,253891,1.0,58.07,0.0,0.0
2191,298645,2.0,94.26,2.0,77.36
2192,288025,2.5,98.48,2.0,68.9
2193,261785,2.0,116.14,0.0,0.0
2194,237213,NA,NA,NA,NA
2195,298656,3.25,153.16,5.0,193.39
2196,293455,NA,NA,NA,NA
2197,278178,NA,NA,NA,NA
2198,261796,1.0,58.07,1.0,57.41
2199,245415,NA,NA,NA,NA
2200,233130,1.5,70.69,0.0,0.0
2201,276423,NA,NA,NA,NA
2202,204460,1.5,87.11,0.0,0.0
2203,294573,NA,NA,NA,NA
2204,299231,2.0,78.79,0.0,0.0
2205,290502,1.75,82.47,3.0,116.03
2206,261810,1.0,58.07,0.0,0.0
2207,247070,2.0,116.14,3.0,172.23
2208,284501,5.0,196.97,3.83,131.94
2209,294857,6.67,314.34,9.83,380.2
2210,290488,2.0,94.26,2.0,77.36
2211,282297,1.0,58.07,1.67,95.88
2212,290490,3.5,137.88,16.5,568.39
2213,274107,1.33,77.23,1.67,95.88
2214,245437,3.0,141.38,13.0,502.81
2215,237246,1.5,87.11,0.0,0.0
2216,264821,2.75,159.7,1.5,86.12
2217,299320,5.0,196.97,0.0,0.0
2218,294595,1.0,58.07,1.0,57.41
2219,278214,1.0,58.07,0.0,0.0
2220,257735,1.0,58.07,2.5,143.53
2221,274120,NA,NA,NA,NA
2222,253641,2.75,159.7,2.5,143.53
2223,229066,NA,NA,NA,NA
2224,294607,2.0,78.79,0.0,0.0
2225,278225,NA,NA,NA,NA
2226,274131,2.8,131.96,3.22,124.54
2227,253652,2.0,116.14,2.75,157.88
2228,229077,1.0,58.07,4.33,248.59
2229,220886,2.33,135.31,3.6,206.68
2230,262777,1.0,58.07,0.0,0.0
2231,299096,2.67,170.39,6.8,348.36
2232,279844,2.2,103.68,3.0,116.03
2233,294618,2.0,116.14,0.0,0.0
2234,290524,2.25,106.04,5.5,212.73
2235,274142,1.5,70.69,0.0,0.0
2236,229088,1.0,58.07,0.0,0.0
2237,220897,2.33,135.31,5.5,315.76
2238,229090,1.67,87.47,1.0,41.45
2239,216803,7.0,406.5,9.6,551.14
2240,220900,NA,NA,NA,NA
2241,298725,1.67,65.79,2.5,86.12
2242,290535,1.4,65.98,2.12,82.0
2243,257768,1.0,47.13,0.0,0.0
2244,249577,2.0,104.76,2.33,96.57
2245,245483,1.0,58.07,0.0,0.0
2246,3820,NA,NA,NA,NA
2247,229102,1.67,87.47,0.0,0.0
2248,298736,1.0,57.68,3.0,143.4
2249,278258,2.0,116.14,1.0,57.41
2250,255955,NA,NA,NA,NA
2251,274164,NA,NA,NA,NA
2252,245494,2.0,116.14,0.0,0.0
2253,3831,NA,NA,NA,NA
2254,216825,2.0,115.36,1.33,63.57
2255,220922,2.0,116.14,1.5,86.12
2256,298747,3.5,137.88,2.0,68.9
2257,294653,2.0,78.79,1.0,34.45
2258,286462,NA,NA,NA,NA
2259,274175,3.6,209.06,4.25,243.99
2260,257792,3.0,174.21,7.75,444.93
2261,264832,1.5,87.11,3.5,200.94
2262,245506,1.33,77.23,0.0,0.0
2263,216836,2.75,144.04,3.0,124.34
2264,220933,1.8,104.53,1.0,57.41
2265,298758,3.0,118.18,2.67,91.98
2266,294664,1.5,87.11,2.0,114.82
2267,286473,NA,NA,NA,NA
2268,274186,1.0,47.13,0.0,0.0
2269,253708,1.25,58.91,1.33,51.44
2270,240258,3.0,174.21,5.25,301.4
2271,216847,1.0,58.07,1.33,76.36
2272,208656,2.0,116.14,3.0,172.23
2273,294675,1.0,58.07,0.0,0.0
2274,274197,NA,NA,NA,NA
2275,245528,2.8,162.6,1.4,80.37
2276,216858,2.5,145.18,0.0,0.0
2277,288047,2.67,105.18,2.0,68.9
2278,216860,2.8,161.51,5.0,238.99
2279,294686,3.5,164.95,3.0,116.03
2280,286495,1.0,58.07,1.33,76.36
2281,278305,1.67,96.98,0.0,0.0
2282,266018,1.5,87.11,1.67,95.88
2283,274211,2.0,94.26,7.0,270.74
2284,266020,1.0,58.07,0.0,0.0
2285,245541,1.5,87.11,2.0,114.82
2286,208678,3.33,193.38,4.75,272.7
2287,208680,2.33,135.31,1.0,57.41
2288,286507,3.6,209.06,9.6,551.14
2289,278316,1.6,92.91,2.67,153.29
2290,249646,2.0,116.14,2.5,143.53
2291,229168,2.5,117.82,2.5,96.69
2292,254600,2.0,116.14,1.0,57.41
2293,299405,8.0,314.19,42.0,1364.09
2294,290331,2.0,116.14,1.57,90.13
2295,286518,3.0,174.21,0.0,0.0
2296,249657,NA,NA,NA,NA
2297,216893,5.0,290.36,0.0,0.0
2298,249453,NA,NA,NA,NA
2299,298816,3.0,118.18,2.0,68.9
2300,260064,1.0,58.07,0.0,0.0
2301,278338,NA,NA,NA,NA
2302,286531,2.17,126.01,3.25,186.58
2303,274244,3.2,150.81,3.0,116.03
2304,273718,1.75,82.47,2.5,96.69
2305,290785,1.0,47.13,1.0,38.68
2306,216905,2.0,116.14,2.0,114.82
2307,290103,1.0,47.13,0.0,0.0
2308,286690,2.0,78.79,2.6,89.56
2309,278351,1.0,58.07,1.5,86.12
2310,245585,2.4,139.37,5.0,287.05
2311,233301,1.67,96.33,0.0,0.0
2312,292417,2.33,109.81,0.0,0.0
2313,294744,3.0,173.04,1.0,47.8
2314,290650,0.0,0.0,1.0,47.8
2315,275087,1.0,58.07,0.0,0.0
2316,237406,NA,NA,NA,NA
2317,233312,0.0,0.0,2.0,114.82
2318,294755,2.0,116.14,0.0,0.0
2319,296934,1.25,65.47,0.0,0.0
2320,245608,1.33,77.23,6.0,344.46
2321,216938,1.5,87.11,1.5,86.12
2322,288743,3.4,133.94,6.75,232.52
2323,216940,1.5,87.11,1.0,57.41
2324,278384,1.0,47.13,0.0,0.0
2325,292840,2.5,98.18,5.0,162.39
2326,274290,3.0,157.14,1.0,41.45
2327,254611,NA,NA,NA,NA
2328,245621,3.8,179.09,12.0,464.13
2329,259275,1.33,77.23,2.0,114.82
2330,216951,1.5,87.11,0.0,0.0
2331,297620,2.33,134.4,2.8,133.84
2332,286586,1.0,58.07,1.0,57.41
2333,278395,2.5,145.18,2.0,114.82
2334,257917,1.33,77.23,0.0,0.0
2335,274302,1.0,58.07,0.0,0.0
2336,285333,1.67,78.7,3.0,116.03
2337,245632,5.17,243.65,10.67,412.69
2338,234816,1.0,57.68,0.0,0.0
2339,225154,1.0,58.07,2.0,114.82
2340,286597,2.5,145.18,1.67,95.88
2341,290694,1.33,77.23,2.67,153.29
2342,278407,1.5,87.11,1.0,57.41
2343,257928,1.0,58.07,0.0,0.0
2344,274313,1.0,58.07,0.0,0.0
2345,290114,1.5,70.69,4.0,154.71
2346,298896,1.0,47.13,1.0,38.68
2347,290706,1.6,63.03,1.0,34.45
2348,286611,2.6,102.42,1.5,51.67
2349,278420,1.25,72.59,1.0,57.41
2350,216984,1.0,58.07,1.33,76.36
2351,298907,1.0,39.39,2.0,68.9
2352,290717,1.25,58.91,1.5,58.02
2353,245665,2.5,117.82,0.0,0.0
2354,262050,2.67,155.05,1.0,57.41
2355,298918,1.67,65.79,2.0,68.9
2356,290728,1.5,87.11,6.25,358.81
2357,286633,NA,NA,NA,NA
2358,290730,1.0,58.07,0.0,0.0
2359,262061,1.0,52.38,0.0,0.0
2360,262813,0.0,0.0,1.0,57.41
2361,294835,5.33,309.52,4.5,258.35
2362,286644,2.0,94.26,2.0,77.36
2363,254622,4.25,246.8,5.2,298.53
2364,282550,2.0,78.79,1.67,57.53
2365,299240,NA,NA,NA,NA
2366,293648,4.0,157.57,4.5,155.02
2367,286655,2.5,98.48,1.0,34.45
2368,278464,7.0,275.75,8.25,284.19
2369,282561,2.0,116.14,4.0,229.64
2370,298714,4.25,167.42,5.25,180.85
2371,262083,2.0,104.76,2.25,93.25
2372,286028,1.83,86.24,6.0,232.07
2373,286666,1.0,47.13,0.0,0.0
2374,257996,1.0,52.38,2.0,82.89
2375,262094,2.67,139.85,0.0,0.0
2376,290125,1.0,58.07,0.0,0.0
2377,258000,2.0,116.14,0.0,0.0
2378,295587,2.0,116.14,8.0,459.28
2379,294868,1.25,49.24,2.0,68.9
2380,286677,2.0,94.26,0.0,0.0
2381,294870,5.0,235.64,4.2,162.45
2382,287396,3.0,157.14,3.0,124.34
2383,290810,1.0,47.13,2.0,77.36
2384,208862,1.0,58.07,0.0,0.0
2385,298976,1.0,58.07,0.0,0.0
2386,257360,NA,NA,NA,NA
2387,282594,NA,NA,NA,NA
2388,296160,3.0,174.21,0.0,0.0
2389,225256,1.6,92.91,3.0,172.23
2390,290796,3.11,122.51,2.0,68.9
2391,286702,1.4,55.15,1.67,57.53
2392,250550,NA,NA,NA,NA
2393,262128,NA,NA,NA,NA
2394,225267,1.0,58.07,0.0,0.0
2395,290240,2.0,104.76,1.67,69.21
2396,292862,3.0,117.82,2.0,64.96
2397,278522,8.0,464.57,7.0,401.87
2398,262141,1.67,96.98,0.0,0.0
