,id,vdi_early,vdi_early_byLevelRatio,vdi_late,vdi_late_byLevelRatio,vdi_normal,vdi_normal_byLevelRatio
0,285355,NA,NA,NA,NA,NA,NA
1,282628,0.0,0.0,0.0,0.0,2.0,43.64
2,278533,1.75,152.14,1.25,82.69,4.0,72.71
3,299379,0.0,0.0,0.0,0.0,12.0,184.63
4,294926,NA,NA,NA,NA,NA,NA
5,281261,0.0,0.0,1.0,66.16,3.33,60.54
6,239367,NA,NA,NA,NA,NA,NA
7,290136,NA,NA,NA,NA,NA,NA
8,299104,NA,NA,NA,NA,NA,NA
9,262163,NA,NA,NA,NA,NA,NA
10,213016,NA,NA,NA,NA,NA,NA
11,294937,NA,NA,NA,NA,NA,NA
12,299034,NA,NA,NA,NA,NA,NA
13,278555,NA,NA,NA,NA,NA,NA
14,258077,NA,NA,NA,NA,NA,NA
15,282058,0.0,0.0,0.0,0.0,1.5,27.27
16,294948,NA,NA,NA,NA,NA,NA
17,299045,NA,NA,NA,NA,NA,NA
18,290854,NA,NA,NA,NA,NA,NA
19,244401,1.67,145.19,7.17,474.34,1.4,25.45
20,249896,NA,NA,NA,NA,NA,NA
21,293103,0.0,0.0,5.0,325.88,1.0,20.03
22,213040,NA,NA,NA,NA,NA,NA
23,278577,NA,NA,NA,NA,NA,NA
24,282674,NA,NA,NA,NA,NA,NA
25,249908,3.0,235.75,1.0,65.18,33.2,665.15
26,292190,NA,NA,NA,NA,NA,NA
27,249910,0.0,0.0,1.0,65.18,1.67,33.46
28,202270,1.33,104.52,3.8,247.67,1.0,20.03
29,294972,NA,NA,NA,NA,NA,NA
30,282685,NA,NA,NA,NA,NA,NA
31,278590,NA,NA,NA,NA,NA,NA
32,262208,NA,NA,NA,NA,NA,NA
33,249921,NA,NA,NA,NA,NA,NA
34,262210,NA,NA,NA,NA,NA,NA
35,208964,NA,NA,NA,NA,NA,NA
36,221253,0.0,0.0,0.0,0.0,4.0,128.36
37,213062,NA,NA,NA,NA,NA,NA
38,294983,3.25,280.03,2.83,176.79,9.56,208.61
39,299081,NA,NA,NA,NA,NA,NA
40,278602,NA,NA,NA,NA,NA,NA
41,299083,NA,NA,NA,NA,NA,NA
42,258124,NA,NA,NA,NA,NA,NA
43,204130,1.0,78.58,0.0,0.0,1.33,26.65
44,299086,NA,NA,NA,NA,NA,NA
45,299087,NA,NA,NA,NA,NA,NA
46,299088,NA,NA,NA,NA,NA,NA
47,294994,NA,NA,NA,NA,NA,NA
48,281955,1.0,86.94,0.0,0.0,2.33,42.36
49,282708,NA,NA,NA,NA,NA,NA
50,266326,0.0,0.0,0.0,0.0,1.0,20.03
51,249943,NA,NA,NA,NA,NA,NA
52,262232,NA,NA,NA,NA,NA,NA
53,299097,NA,NA,NA,NA,NA,NA
54,299098,NA,NA,NA,NA,NA,NA
55,213084,1.0,78.58,2.0,130.35,2.5,50.09
56,299101,NA,NA,NA,NA,NA,NA
57,299102,NA,NA,NA,NA,NA,NA
58,295007,0.0,0.0,1.0,66.16,4.11,74.71
59,278624,NA,NA,NA,NA,NA,NA
60,266337,NA,NA,NA,NA,NA,NA
61,249954,NA,NA,NA,NA,NA,NA
62,294881,NA,NA,NA,NA,NA,NA
63,254052,NA,NA,NA,NA,NA,NA
64,299109,NA,NA,NA,NA,NA,NA
65,299111,NA,NA,NA,NA,NA,NA
66,299112,NA,NA,NA,NA,NA,NA
67,244412,NA,NA,NA,NA,NA,NA
68,286826,NA,NA,NA,NA,NA,NA
69,299115,NA,NA,NA,NA,NA,NA
70,282732,NA,NA,NA,NA,NA,NA
71,258157,2.8,243.43,0.0,0.0,31.2,567.18
72,299118,NA,NA,NA,NA,NA,NA
73,299119,NA,NA,NA,NA,NA,NA
74,299120,NA,NA,NA,NA,NA,NA
75,299121,NA,NA,NA,NA,NA,NA
76,299122,NA,NA,NA,NA,NA,NA
77,213107,0.0,0.0,0.0,0.0,1.0,20.03
78,299124,1.0,87.8,0.0,0.0,2.0,62.15
79,275134,NA,NA,NA,NA,NA,NA
80,278646,NA,NA,NA,NA,NA,NA
81,282743,NA,NA,NA,NA,NA,NA
82,249976,NA,NA,NA,NA,NA,NA
83,266361,NA,NA,NA,NA,NA,NA
84,292202,NA,NA,NA,NA,NA,NA
85,204926,0.0,0.0,0.0,0.0,3.0,60.1
86,299135,NA,NA,NA,NA,NA,NA
87,213120,4.0,314.33,0.0,0.0,2.5,50.09
88,290945,NA,NA,NA,NA,NA,NA
89,282754,NA,NA,NA,NA,NA,NA
90,299383,0.0,0.0,1.0,52.77,1.0,15.39
91,299140,NA,NA,NA,NA,NA,NA
92,299141,NA,NA,NA,NA,NA,NA
93,289121,NA,NA,NA,NA,NA,NA
94,237703,1.71,232.08,1.86,191.46,6.55,210.18
95,225416,NA,NA,NA,NA,NA,NA
96,238956,NA,NA,NA,NA,NA,NA
97,299146,NA,NA,NA,NA,NA,NA
98,213131,NA,NA,NA,NA,NA,NA
99,299148,NA,NA,NA,NA,NA,NA
100,299149,NA,NA,NA,NA,NA,NA
101,299150,NA,NA,NA,NA,NA,NA
102,262287,NA,NA,NA,NA,NA,NA
103,299152,1.5,129.24,1.8,112.44,8.33,181.77
104,299153,NA,NA,NA,NA,NA,NA
105,237714,1.0,78.58,1.0,65.18,2.33,46.68
106,241811,NA,NA,NA,NA,NA,NA
107,299156,0.0,0.0,1.67,108.84,1.67,33.46
108,218478,0.0,0.0,1.0,65.18,6.5,130.23
109,213142,NA,NA,NA,NA,NA,NA
110,299159,1.0,78.58,0.0,0.0,3.0,60.1
111,299160,NA,NA,NA,NA,NA,NA
112,266394,NA,NA,NA,NA,NA,NA
113,299163,2.5,196.46,0.0,0.0,10.0,200.35
114,258204,NA,NA,NA,NA,NA,NA
115,237725,1.0,78.58,0.0,0.0,1.0,20.03
116,299166,3.0,260.82,3.33,220.3,7.25,131.8
117,233631,NA,NA,NA,NA,NA,NA
118,286154,0.0,0.0,0.0,0.0,1.0,15.39
119,213153,NA,NA,NA,NA,NA,NA
120,299170,NA,NA,NA,NA,NA,NA
121,286883,0.0,0.0,5.0,312.34,2.0,43.64
122,274596,0.0,0.0,0.0,0.0,13.5,270.47
123,299173,1.0,86.94,0.0,0.0,3.0,54.54
124,289564,NA,NA,NA,NA,NA,NA
125,258215,NA,NA,NA,NA,NA,NA
126,262312,NA,NA,NA,NA,NA,NA
127,250025,NA,NA,NA,NA,NA,NA
128,299178,2.0,173.88,1.5,99.23,3.33,60.54
129,244423,NA,NA,NA,NA,NA,NA
130,299180,1.0,86.94,1.0,66.16,4.6,83.62
131,289837,NA,NA,NA,NA,NA,NA
132,240327,NA,NA,NA,NA,NA,NA
133,274461,1.0,78.58,2.5,162.94,3.0,60.1
134,299184,1.0,86.94,2.0,132.31,4.83,87.8
135,266417,0.0,0.0,0.0,0.0,4.25,85.15
136,274610,NA,NA,NA,NA,NA,NA
137,262323,NA,NA,NA,NA,NA,NA
138,250036,NA,NA,NA,NA,NA,NA
139,299189,1.0,78.58,0.0,0.0,3.0,60.1
140,299190,1.5,130.41,5.33,352.61,8.5,154.52
141,213175,NA,NA,NA,NA,NA,NA
142,299192,0.0,0.0,2.0,132.31,3.4,61.81
143,288116,5.0,430.82,5.0,312.34,16.25,354.59
144,299194,1.0,86.94,3.0,198.47,3.17,57.63
145,299196,NA,NA,NA,NA,NA,NA
146,274621,NA,NA,NA,NA,NA,NA
147,262334,NA,NA,NA,NA,NA,NA
148,250047,NA,NA,NA,NA,NA,NA
149,299200,2.2,191.27,2.5,165.39,6.0,109.07
150,299201,0.0,0.0,1.0,66.16,4.17,75.81
151,213186,NA,NA,NA,NA,NA,NA
152,299203,2.33,200.76,2.67,166.79,9.0,196.39
153,299204,1.0,86.16,2.0,124.94,3.2,69.83
154,290158,NA,NA,NA,NA,NA,NA
155,299206,2.0,172.33,1.33,83.08,3.75,81.83
156,288801,NA,NA,NA,NA,NA,NA
157,274632,NA,NA,NA,NA,NA,NA
158,299209,5.0,430.82,10.5,655.92,8.0,174.57
159,299210,NA,NA,NA,NA,NA,NA
160,299211,1.5,129.24,1.8,112.44,6.67,145.54
161,299212,2.0,172.33,2.0,124.94,5.0,109.1
162,213197,NA,NA,NA,NA,NA,NA
163,299214,1.0,86.16,0.0,0.0,14.5,316.4
164,293581,NA,NA,NA,NA,NA,NA
165,299216,1.0,86.16,3.0,187.41,2.6,56.73
166,299217,1.0,86.16,3.0,187.41,3.33,72.66
167,291026,NA,NA,NA,NA,NA,NA
168,299220,0.0,0.0,0.0,0.0,4.17,90.99
169,299221,2.0,172.33,1.0,62.47,2.8,61.1
170,299222,1.0,86.16,1.0,62.47,4.0,87.28
171,299223,1.0,86.16,2.0,124.94,5.67,123.72
172,299224,NA,NA,NA,NA,NA,NA
173,299225,2.0,172.33,2.4,149.92,2.33,50.84
174,299226,0.0,0.0,0.0,0.0,5.17,112.81
175,213211,NA,NA,NA,NA,NA,NA
176,288663,NA,NA,NA,NA,NA,NA
177,277882,NA,NA,NA,NA,NA,NA
178,274654,NA,NA,NA,NA,NA,NA
179,266463,3.0,235.75,2.75,179.23,1.5,30.05
180,299232,0.0,0.0,0.0,0.0,3.6,78.55
181,299233,2.0,172.33,1.33,83.08,2.2,48.01
182,299234,1.33,114.6,1.5,93.7,3.0,65.46
183,217316,NA,NA,NA,NA,NA,NA
184,209125,NA,NA,NA,NA,NA,NA
185,299238,1.0,57.57,0.0,0.0,2.67,41.08
186,299239,1.0,57.57,2.2,116.09,7.33,112.78
187,282856,3.0,235.75,4.0,260.7,20.0,400.69
188,299241,NA,NA,NA,NA,NA,NA
189,299242,2.0,115.15,1.33,70.18,4.17,64.16
190,299243,1.67,96.15,2.5,131.93,4.67,71.85
191,262380,NA,NA,NA,NA,NA,NA
192,250093,NA,NA,NA,NA,NA,NA
193,299246,3.0,172.72,1.0,52.77,6.0,92.32
194,233711,0.0,0.0,6.0,524.78,3.0,93.23
195,299248,4.0,230.3,0.0,0.0,3.0,46.16
196,213233,NA,NA,NA,NA,NA,NA
197,299250,1.67,96.15,6.5,343.01,6.33,97.39
198,286963,0.0,0.0,0.0,0.0,2.0,43.64
199,274676,0.0,0.0,1.5,99.23,2.4,43.63
200,299114,NA,NA,NA,NA,NA,NA
201,258294,NA,NA,NA,NA,NA,NA
202,299255,1.0,57.57,3.0,158.31,4.83,74.31
203,299256,NA,NA,NA,NA,NA,NA
204,229625,0.0,0.0,0.0,0.0,1.0,20.03
205,217338,NA,NA,NA,NA,NA,NA
206,288127,NA,NA,NA,NA,NA,NA
207,299260,NA,NA,NA,NA,NA,NA
208,299261,NA,NA,NA,NA,NA,NA
209,286974,NA,NA,NA,NA,NA,NA
210,299263,2.4,208.66,6.83,451.84,8.5,154.52
211,299264,NA,NA,NA,NA,NA,NA
212,296320,0.0,0.0,0.0,0.0,2.0,40.07
213,299266,NA,NA,NA,NA,NA,NA
214,262403,NA,NA,NA,NA,NA,NA
215,229636,1.5,131.71,1.0,87.46,2.6,80.8
216,233733,NA,NA,NA,NA,NA,NA
217,299270,0.0,0.0,1.33,86.68,7.2,144.25
218,299251,1.0,57.57,1.5,79.16,4.33,66.62
219,259834,NA,NA,NA,NA,NA,NA
220,299274,1.0,86.94,2.0,132.31,5.25,95.44
221,299275,1.0,86.94,1.67,110.48,5.2,94.53
222,299276,1.0,86.94,1.0,66.16,5.6,101.8
223,263554,NA,NA,NA,NA,NA,NA
224,299278,1.0,86.94,3.0,198.47,7.2,130.89
225,241935,NA,NA,NA,NA,NA,NA
226,299280,2.0,173.88,2.33,154.14,5.6,101.8
227,221457,NA,NA,NA,NA,NA,NA
228,299282,0.0,0.0,3.0,198.47,4.4,79.99
229,299283,1.0,86.94,2.0,132.31,4.8,87.26
230,286996,NA,NA,NA,NA,NA,NA
231,265972,NA,NA,NA,NA,NA,NA
232,278806,NA,NA,NA,NA,NA,NA
233,282903,9.0,707.25,3.5,228.11,27.67,554.36
234,299288,0.0,0.0,3.0,198.47,8.0,145.43
235,296251,1.0,78.58,2.0,130.35,2.0,40.07
236,241946,NA,NA,NA,NA,NA,NA
237,299291,1.0,86.94,3.5,231.55,5.8,105.44
238,229660,NA,NA,NA,NA,NA,NA
239,299293,0.0,0.0,2.33,154.14,4.6,83.62
240,221470,NA,NA,NA,NA,NA,NA
241,286085,NA,NA,NA,NA,NA,NA
242,299296,1.0,86.94,2.5,165.39,5.2,94.53
243,299056,2.0,271.43,0.0,0.0,8.33,267.3
244,282914,NA,NA,NA,NA,NA,NA
245,270627,NA,NA,NA,NA,NA,NA
246,262436,NA,NA,NA,NA,NA,NA
247,241957,NA,NA,NA,NA,NA,NA
248,299302,1.0,86.94,1.0,66.16,3.0,54.54
249,229671,NA,NA,NA,NA,NA,NA
250,299304,1.0,86.94,1.5,99.23,7.4,134.52
251,221481,NA,NA,NA,NA,NA,NA
252,299306,1.0,86.94,3.0,198.47,6.0,109.07
253,299215,1.0,86.16,2.5,156.17,5.4,117.83
254,291117,NA,NA,NA,NA,NA,NA
255,270638,NA,NA,NA,NA,NA,NA
256,262447,NA,NA,NA,NA,NA,NA
257,270640,NA,NA,NA,NA,NA,NA
258,246065,NA,NA,NA,NA,NA,NA
259,241970,1.0,78.58,1.0,65.18,2.0,40.07
260,299315,1.0,86.16,1.0,62.47,4.4,96.01
261,221492,NA,NA,NA,NA,NA,NA
262,299317,1.33,114.6,3.0,187.41,2.6,56.73
263,299318,1.0,86.16,3.33,208.02,7.4,161.47
264,299319,1.0,86.16,1.67,104.32,6.2,135.29
265,291128,NA,NA,NA,NA,NA,NA
266,262196,NA,NA,NA,NA,NA,NA
267,266554,NA,NA,NA,NA,NA,NA
268,254267,NA,NA,NA,NA,NA,NA
269,299324,2.33,200.76,2.4,149.92,6.4,139.65
270,241981,1.0,78.58,2.0,130.35,1.0,20.03
271,299326,1.0,57.57,3.0,158.31,5.2,80.01
272,299327,1.33,76.57,3.5,184.7,2.6,40.0
273,221504,NA,NA,NA,NA,NA,NA
274,299330,1.0,57.57,3.33,175.73,9.8,150.78
275,292235,3.0,258.49,1.75,109.32,1.6,34.91
276,299332,1.0,57.57,1.5,79.16,2.8,43.08
277,299333,1.0,57.57,2.5,131.93,2.25,34.62
278,299334,0.0,0.0,2.0,105.54,6.2,95.39
279,299335,0.0,0.0,0.0,0.0,2.8,43.08
280,241992,0.0,0.0,1.75,114.06,4.2,84.15
281,229705,1.0,78.58,2.8,182.49,4.2,84.15
282,299338,1.0,57.57,0.0,0.0,6.2,95.39
283,221515,NA,NA,NA,NA,NA,NA
284,299340,1.25,71.97,1.33,70.18,5.75,88.47
285,299341,1.0,57.57,4.0,211.08,10.6,163.09
286,282958,NA,NA,NA,NA,NA,NA
287,299117,NA,NA,NA,NA,NA,NA
288,282960,NA,NA,NA,NA,NA,NA
289,270673,NA,NA,NA,NA,NA,NA
290,262482,NA,NA,NA,NA,NA,NA
291,287102,1.0,78.58,0.0,0.0,1.0,20.03
292,229716,NA,NA,NA,NA,NA,NA
293,299349,0.0,0.0,0.0,0.0,6.0,120.21
294,221526,NA,NA,NA,NA,NA,NA
295,299351,NA,NA,NA,NA,NA,NA
296,209240,1.5,117.88,1.67,108.84,1.75,35.06
297,299353,NA,NA,NA,NA,NA,NA
298,239378,NA,NA,NA,NA,NA,NA
299,299355,1.67,143.89,3.8,237.38,6.0,130.92
300,270684,NA,NA,NA,NA,NA,NA
301,299357,NA,NA,NA,NA,NA,NA
302,299358,2.0,115.15,4.2,221.64,7.6,116.93
303,229727,0.0,0.0,0.0,0.0,1.33,26.65
304,299360,NA,NA,NA,NA,NA,NA
305,299361,1.5,86.36,1.67,88.13,5.33,82.01
306,299362,NA,NA,NA,NA,NA,NA
307,299363,0.0,0.0,0.0,0.0,1.0,21.82
308,295268,0.0,0.0,1.0,65.18,0.0,0.0
309,299365,NA,NA,NA,NA,NA,NA
310,282982,NA,NA,NA,NA,NA,NA
311,290193,NA,NA,NA,NA,NA,NA
312,258408,0.0,0.0,1.0,65.18,2.33,46.68
313,299369,11.75,676.5,5.5,290.24,20.25,311.56
314,254314,NA,NA,NA,NA,NA,NA
315,233835,NA,NA,NA,NA,NA,NA
316,225644,1.67,131.23,0.0,0.0,2.4,48.08
317,209262,NA,NA,NA,NA,NA,NA
318,286781,NA,NA,NA,NA,NA,NA
319,291185,NA,NA,NA,NA,NA,NA
320,299378,0.0,0.0,4.5,237.47,1.33,20.46
321,282003,NA,NA,NA,NA,NA,NA
322,299381,12.0,690.9,2.25,118.73,7.0,107.7
323,237942,0.0,0.0,1.0,102.94,0.0,0.0
324,229751,1.5,117.88,1.0,65.18,1.86,37.26
325,299384,1.0,57.57,1.0,52.77,3.33,51.23
326,209273,NA,NA,NA,NA,NA,NA
327,299387,1.0,57.57,7.25,382.59,3.0,46.16
328,291196,NA,NA,NA,NA,NA,NA
329,299389,3.0,172.72,5.5,290.24,3.0,46.16
330,278910,0.0,0.0,0.0,0.0,1.5,27.27
331,295042,6.2,534.21,3.71,231.76,8.0,174.57
332,299392,0.0,0.0,2.25,118.73,3.5,53.85
333,233857,NA,NA,NA,NA,NA,NA
334,229762,NA,NA,NA,NA,NA,NA
335,299395,1.0,57.57,1.0,52.77,2.5,38.46
336,209284,NA,NA,NA,NA,NA,NA
337,299399,NA,NA,NA,NA,NA,NA
338,291208,NA,NA,NA,NA,NA,NA
339,278921,NA,NA,NA,NA,NA,NA
340,299402,3.5,301.57,1.0,62.47,4.0,87.28
341,299403,6.0,345.45,4.0,211.08,4.0,61.54
342,237964,NA,NA,NA,NA,NA,NA
343,288834,NA,NA,NA,NA,NA,NA
344,299406,NA,NA,NA,NA,NA,NA
345,209295,2.0,157.17,1.0,65.18,2.43,48.68
346,299408,NA,NA,NA,NA,NA,NA
347,299410,NA,NA,NA,NA,NA,NA
348,295315,NA,NA,NA,NA,NA,NA
349,278932,1.0,86.94,3.0,198.47,4.6,83.62
350,291221,NA,NA,NA,NA,NA,NA
351,270742,0.0,0.0,0.0,0.0,4.0,80.14
352,262551,NA,NA,NA,NA,NA,NA
353,229784,NA,NA,NA,NA,NA,NA
354,299417,NA,NA,NA,NA,NA,NA
355,299418,NA,NA,NA,NA,NA,NA
356,209307,NA,NA,NA,NA,NA,NA
357,299420,11.0,864.42,0.0,0.0,7.5,150.26
358,299421,4.0,344.65,3.0,187.41,11.5,250.94
359,299422,1.0,86.16,3.5,218.64,5.5,120.01
360,278943,NA,NA,NA,NA,NA,NA
361,291232,NA,NA,NA,NA,NA,NA
362,270753,NA,NA,NA,NA,NA,NA
363,237986,NA,NA,NA,NA,NA,NA
364,229795,NA,NA,NA,NA,NA,NA
365,299428,0.0,0.0,1.0,52.77,6.5,100.01
366,299078,0.0,0.0,0.0,0.0,3.0,46.16
367,299430,1.0,57.57,0.0,0.0,7.5,115.39
368,299431,0.0,0.0,0.0,0.0,12.5,192.32
369,286108,0.0,0.0,0.0,0.0,2.0,36.36
370,201130,NA,NA,NA,NA,NA,NA
371,299079,1.0,57.57,1.5,79.16,4.5,69.24
372,283052,NA,NA,NA,NA,NA,NA
373,237997,1.0,135.72,1.5,154.41,1.25,40.11
374,254382,NA,NA,NA,NA,NA,NA
375,299439,0.0,0.0,0.0,0.0,11.0,169.24
376,299440,0.0,0.0,0.0,0.0,4.0,61.54
377,299442,1.0,57.57,7.0,369.39,14.0,215.4
378,209331,NA,NA,NA,NA,NA,NA
379,299444,4.0,344.65,0.0,0.0,13.0,283.67
380,299445,0.0,0.0,0.0,0.0,6.0,130.92
381,291254,3.33,286.92,2.2,137.43,24.4,532.43
382,270775,NA,NA,NA,NA,NA,NA
383,266680,NA,NA,NA,NA,NA,NA
384,299449,NA,NA,NA,NA,NA,NA
385,229818,1.0,78.58,2.0,130.35,1.33,26.65
386,299451,NA,NA,NA,NA,NA,NA
387,229820,0.0,0.0,1.0,102.94,2.12,68.03
388,299082,NA,NA,NA,NA,NA,NA
389,209342,NA,NA,NA,NA,NA,NA
390,291265,NA,NA,NA,NA,NA,NA
391,274882,3.0,235.75,1.0,65.18,2.25,45.08
392,299459,NA,NA,NA,NA,NA,NA
393,294620,NA,NA,NA,NA,NA,NA
394,299461,NA,NA,NA,NA,NA,NA
395,289028,NA,NA,NA,NA,NA,NA
396,238023,NA,NA,NA,NA,NA,NA
397,299464,NA,NA,NA,NA,NA,NA
398,209353,NA,NA,NA,NA,NA,NA
399,297015,NA,NA,NA,NA,NA,NA
400,299467,NA,NA,NA,NA,NA,NA
401,291276,2.67,232.13,4.8,317.55,10.18,185.06
402,283085,NA,NA,NA,NA,NA,NA
403,299394,0.0,0.0,1.0,62.47,13.75,300.04
404,297037,0.0,0.0,0.0,0.0,1.0,20.03
405,247115,NA,NA,NA,NA,NA,NA
406,213461,NA,NA,NA,NA,NA,NA
407,290078,NA,NA,NA,NA,NA,NA
408,291287,NA,NA,NA,NA,NA,NA
409,283096,NA,NA,NA,NA,NA,NA
410,274905,0.0,0.0,1.0,65.18,1.4,28.05
411,299298,6.0,521.64,11.0,727.71,16.75,304.49
412,250333,NA,NA,NA,NA,NA,NA
413,289531,0.0,0.0,1.0,62.47,1.0,21.82
414,274916,NA,NA,NA,NA,NA,NA
415,291301,NA,NA,NA,NA,NA,NA
416,254438,4.0,542.87,0.0,0.0,4.0,128.36
417,264273,2.0,157.17,1.5,97.76,3.5,70.12
418,217577,1.0,78.58,2.14,139.48,2.88,57.7
419,201196,NA,NA,NA,NA,NA,NA
420,299090,1.0,87.8,0.0,0.0,0.0,0.0
421,285550,NA,NA,NA,NA,NA,NA
422,283121,NA,NA,NA,NA,NA,NA
423,299091,1.0,78.58,4.4,286.77,3.33,66.72
424,246260,NA,NA,NA,NA,NA,NA
425,208645,NA,NA,NA,NA,NA,NA
426,201208,NA,NA,NA,NA,NA,NA
427,299092,NA,NA,NA,NA,NA,NA
428,294961,NA,NA,NA,NA,NA,NA
429,291323,0.0,0.0,0.0,0.0,1.0,18.18
430,283132,NA,NA,NA,NA,NA,NA
431,262653,NA,NA,NA,NA,NA,NA
432,254462,2.0,175.61,0.0,0.0,2.6,80.8
433,237474,NA,NA,NA,NA,NA,NA
434,295680,1.0,86.16,2.0,124.94,13.0,283.67
435,299123,0.0,0.0,1.5,97.76,4.75,95.16
436,295428,NA,NA,NA,NA,NA,NA
437,299094,NA,NA,NA,NA,NA,NA
438,291334,1.0,86.94,1.5,99.23,2.67,48.54
439,283143,NA,NA,NA,NA,NA,NA
440,262664,NA,NA,NA,NA,NA,NA
441,250377,NA,NA,NA,NA,NA,NA
442,299095,NA,NA,NA,NA,NA,NA
443,299462,NA,NA,NA,NA,NA,NA
444,205326,0.0,0.0,2.0,130.35,2.0,40.07
445,284077,0.0,0.0,0.0,0.0,5.67,113.6
446,291345,NA,NA,NA,NA,NA,NA
447,262675,NA,NA,NA,NA,NA,NA
448,250388,NA,NA,NA,NA,NA,NA
449,246293,NA,NA,NA,NA,NA,NA
450,250390,NA,NA,NA,NA,NA,NA
451,234007,NA,NA,NA,NA,NA,NA
452,213528,6.33,497.43,2.0,130.35,20.33,407.3
453,250628,2.14,186.05,0.0,0.0,8.12,147.61
454,289440,NA,NA,NA,NA,NA,NA
455,286985,NA,NA,NA,NA,NA,NA
456,284762,NA,NA,NA,NA,NA,NA
457,254495,NA,NA,NA,NA,NA,NA
458,246305,NA,NA,NA,NA,NA,NA
459,250402,NA,NA,NA,NA,NA,NA
460,217635,1.0,135.72,2.12,218.23,3.1,99.48
461,289542,NA,NA,NA,NA,NA,NA
462,295463,NA,NA,NA,NA,NA,NA
463,274984,0.0,0.0,0.0,0.0,1.0,32.09
464,262697,NA,NA,NA,NA,NA,NA
465,270890,NA,NA,NA,NA,NA,NA
466,258603,NA,NA,NA,NA,NA,NA
467,246316,NA,NA,NA,NA,NA,NA
468,250413,NA,NA,NA,NA,NA,NA
469,291378,NA,NA,NA,NA,NA,NA
470,270902,1.0,78.58,1.0,65.18,1.4,28.05
471,246327,0.0,0.0,2.0,130.35,1.5,30.05
472,254520,NA,NA,NA,NA,NA,NA
473,283198,NA,NA,NA,NA,NA,NA
474,291391,NA,NA,NA,NA,NA,NA
475,275008,NA,NA,NA,NA,NA,NA
476,283201,NA,NA,NA,NA,NA,NA
477,246338,3.44,270.33,16.58,1080.61,2.38,47.68
478,250435,NA,NA,NA,NA,NA,NA
479,246340,1.0,135.72,1.0,102.94,7.0,224.62
480,282721,NA,NA,NA,NA,NA,NA
481,295496,NA,NA,NA,NA,NA,NA
482,266827,NA,NA,NA,NA,NA,NA
483,258636,NA,NA,NA,NA,NA,NA
484,262733,NA,NA,NA,NA,NA,NA
485,250446,NA,NA,NA,NA,NA,NA
486,246351,0.0,0.0,0.0,0.0,2.0,40.07
487,225872,NA,NA,NA,NA,NA,NA
488,213585,NA,NA,NA,NA,NA,NA
489,299107,NA,NA,NA,NA,NA,NA
490,299372,9.0,518.17,3.67,193.67,30.5,469.27
491,262926,NA,NA,NA,NA,NA,NA
492,266838,NA,NA,NA,NA,NA,NA
493,292281,NA,NA,NA,NA,NA,NA
494,262744,NA,NA,NA,NA,NA,NA
495,250457,NA,NA,NA,NA,NA,NA
496,246362,NA,NA,NA,NA,NA,NA
497,271120,NA,NA,NA,NA,NA,NA
498,250468,NA,NA,NA,NA,NA,NA
499,250470,NA,NA,NA,NA,NA,NA
500,217704,1.5,117.88,1.33,86.68,6.17,123.61
501,287124,NA,NA,NA,NA,NA,NA
502,293650,1.88,161.99,19.58,1223.13,3.25,70.92
503,266862,2.5,196.46,3.5,228.11,14.67,293.91
504,251325,1.0,78.58,0.0,0.0,0.0,0.0
505,246384,0.0,0.0,0.0,0.0,1.0,32.09
506,250481,NA,NA,NA,NA,NA,NA
507,225906,NA,NA,NA,NA,NA,NA
508,217715,0.0,0.0,3.0,195.53,1.0,20.03
509,205428,NA,NA,NA,NA,NA,NA
510,283256,NA,NA,NA,NA,NA,NA
511,266873,0.0,0.0,0.0,0.0,4.0,128.36
512,254586,NA,NA,NA,NA,NA,NA
513,246395,0.0,0.0,3.2,329.4,2.5,80.22
514,250492,NA,NA,NA,NA,NA,NA
515,225917,0.0,0.0,2.0,130.35,4.0,80.14
516,234111,NA,NA,NA,NA,NA,NA
517,205441,2.43,190.96,18.0,1173.16,4.22,84.55
518,270981,NA,NA,NA,NA,NA,NA
519,225928,1.0,78.58,1.0,65.18,4.0,80.14
520,299116,NA,NA,NA,NA,NA,NA
521,225930,0.0,0.0,0.0,0.0,3.0,60.1
522,205452,NA,NA,NA,NA,NA,NA
523,295565,NA,NA,NA,NA,NA,NA
524,266895,NA,NA,NA,NA,NA,NA
525,270992,NA,NA,NA,NA,NA,NA
526,246418,1.0,78.58,0.0,0.0,1.5,30.05
527,250515,NA,NA,NA,NA,NA,NA
528,299323,0.0,0.0,1.25,78.09,5.8,126.56
529,225941,NA,NA,NA,NA,NA,NA
530,205463,2.0,157.17,1.0,65.18,11.0,220.38
531,296912,NA,NA,NA,NA,NA,NA
532,275098,NA,NA,NA,NA,NA,NA
533,267034,NA,NA,NA,NA,NA,NA
534,250526,NA,NA,NA,NA,NA,NA
535,225952,0.0,0.0,0.0,0.0,1.25,40.11
536,288880,NA,NA,NA,NA,NA,NA
537,248118,NA,NA,NA,NA,NA,NA
538,201380,NA,NA,NA,NA,NA,NA
539,275260,NA,NA,NA,NA,NA,NA
540,271016,0.0,0.0,0.0,0.0,1.0,20.03
541,250537,NA,NA,NA,NA,NA,NA
542,225963,2.0,157.17,1.0,65.18,3.0,60.1
543,299265,1.75,150.79,1.8,112.44,5.33,116.3
544,295598,NA,NA,NA,NA,NA,NA
545,287408,NA,NA,NA,NA,NA,NA
546,295601,NA,NA,NA,NA,NA,NA
547,287410,NA,NA,NA,NA,NA,NA
548,297083,NA,NA,NA,NA,NA,NA
549,225974,0.0,0.0,0.0,0.0,1.0,20.03
550,295612,NA,NA,NA,NA,NA,NA
551,273866,NA,NA,NA,NA,NA,NA
552,262846,NA,NA,NA,NA,NA,NA
553,286837,2.0,172.33,2.5,156.17,3.29,71.79
554,271040,0.0,0.0,1.0,62.47,3.0,65.46
555,250561,NA,NA,NA,NA,NA,NA
556,242370,NA,NA,NA,NA,NA,NA
557,205508,12.0,943.0,6.0,391.05,59.0,1182.04
558,290934,NA,NA,NA,NA,NA,NA
559,295623,NA,NA,NA,NA,NA,NA
560,262857,2.0,173.88,0.0,0.0,4.0,72.71
561,271051,NA,NA,NA,NA,NA,NA
562,225996,NA,NA,NA,NA,NA,NA
563,293353,NA,NA,NA,NA,NA,NA
564,245197,NA,NA,NA,NA,NA,NA
565,299388,2.0,115.15,4.67,246.44,2.5,38.46
566,295634,NA,NA,NA,NA,NA,NA
567,283347,NA,NA,NA,NA,NA,NA
568,262868,NA,NA,NA,NA,NA,NA
569,242392,NA,NA,NA,NA,NA,NA
570,291356,1.0,86.16,1.0,62.47,2.67,58.26
571,254757,NA,NA,NA,NA,NA,NA
572,271073,1.0,86.16,0.0,0.0,2.0,43.64
573,284215,0.0,0.0,1.5,99.23,4.0,72.71
574,201447,NA,NA,NA,NA,NA,NA
575,295656,NA,NA,NA,NA,NA,NA
576,287465,NA,NA,NA,NA,NA,NA
577,266986,NA,NA,NA,NA,NA,NA
578,262892,0.0,0.0,2.0,130.35,1.0,20.03
579,250606,NA,NA,NA,NA,NA,NA
580,276605,NA,NA,NA,NA,NA,NA
581,226033,1.6,125.73,2.55,166.2,1.67,33.46
582,254531,NA,NA,NA,NA,NA,NA
583,295667,NA,NA,NA,NA,NA,NA
584,287476,NA,NA,NA,NA,NA,NA
585,213118,NA,NA,NA,NA,NA,NA
586,283382,NA,NA,NA,NA,NA,NA
587,258807,NA,NA,NA,NA,NA,NA
588,299154,NA,NA,NA,NA,NA,NA
589,295678,NA,NA,NA,NA,NA,NA
590,287487,NA,NA,NA,NA,NA,NA
591,279296,0.0,0.0,0.0,0.0,3.0,60.1
592,286848,NA,NA,NA,NA,NA,NA
593,262915,1.0,78.58,0.0,0.0,1.67,33.46
594,258820,NA,NA,NA,NA,NA,NA
595,242437,NA,NA,NA,NA,NA,NA
596,299268,1.0,86.94,2.5,165.39,6.4,116.34
597,230152,NA,NA,NA,NA,NA,NA
598,287498,NA,NA,NA,NA,NA,NA
599,295691,0.0,0.0,0.0,0.0,2.0,43.64
600,286850,NA,NA,NA,NA,NA,NA
601,271118,NA,NA,NA,NA,NA,NA
602,258831,0.0,0.0,1.5,97.76,1.0,20.03
603,242448,NA,NA,NA,NA,NA,NA
604,234257,NA,NA,NA,NA,NA,NA
605,242450,0.0,0.0,0.0,0.0,5.0,100.17
606,295703,NA,NA,NA,NA,NA,NA
607,297130,NA,NA,NA,NA,NA,NA
608,258842,NA,NA,NA,NA,NA,NA
609,271131,NA,NA,NA,NA,NA,NA
610,242461,0.0,0.0,1.5,97.76,4.5,90.16
611,299382,0.0,0.0,1.0,52.77,1.0,15.39
612,254768,NA,NA,NA,NA,NA,NA
613,295714,NA,NA,NA,NA,NA,NA
614,245426,NA,NA,NA,NA,NA,NA
615,279332,NA,NA,NA,NA,NA,NA
616,258853,NA,NA,NA,NA,NA,NA
617,271142,NA,NA,NA,NA,NA,NA
618,299285,1.33,115.63,2.0,132.31,5.2,94.53
619,242472,NA,NA,NA,NA,NA,NA
620,299143,NA,NA,NA,NA,NA,NA
621,298782,NA,NA,NA,NA,NA,NA
622,299133,NA,NA,NA,NA,NA,NA
623,258864,NA,NA,NA,NA,NA,NA
624,271153,NA,NA,NA,NA,NA,NA
625,254770,NA,NA,NA,NA,NA,NA
626,242483,2.0,157.17,3.33,217.03,2.0,40.07
627,293001,NA,NA,NA,NA,NA,NA
628,287545,NA,NA,NA,NA,NA,NA
629,275258,NA,NA,NA,NA,NA,NA
630,258875,NA,NA,NA,NA,NA,NA
631,271164,NA,NA,NA,NA,NA,NA
632,256138,NA,NA,NA,NA,NA,NA
633,277984,NA,NA,NA,NA,NA,NA
634,299147,NA,NA,NA,NA,NA,NA
635,287556,NA,NA,NA,NA,NA,NA
636,273206,NA,NA,NA,NA,NA,NA
637,258886,NA,NA,NA,NA,NA,NA
638,271175,NA,NA,NA,NA,NA,NA
639,254792,NA,NA,NA,NA,NA,NA
640,242506,NA,NA,NA,NA,NA,NA
641,299134,NA,NA,NA,NA,NA,NA
642,287567,NA,NA,NA,NA,NA,NA
643,279376,NA,NA,NA,NA,NA,NA
644,242517,NA,NA,NA,NA,NA,NA
645,299151,NA,NA,NA,NA,NA,NA
646,271197,NA,NA,NA,NA,NA,NA
647,292315,NA,NA,NA,NA,NA,NA
648,258911,NA,NA,NA,NA,NA,NA
649,242528,0.0,0.0,0.0,0.0,1.0,20.03
650,299437,0.0,0.0,2.0,105.54,7.0,107.7
651,292372,0.0,0.0,0.0,0.0,1.0,18.18
652,289451,NA,NA,NA,NA,NA,NA
653,279401,NA,NA,NA,NA,NA,NA
654,242541,0.0,0.0,0.0,0.0,2.0,40.07
655,246761,NA,NA,NA,NA,NA,NA
656,254837,1.0,78.58,1.33,86.68,3.4,68.12
657,242552,NA,NA,NA,NA,NA,NA
658,234986,NA,NA,NA,NA,NA,NA
659,283518,NA,NA,NA,NA,NA,NA
660,247957,1.0,135.72,0.0,0.0,1.5,48.13
661,258944,NA,NA,NA,NA,NA,NA
662,271233,1.0,86.16,1.0,62.47,1.0,21.82
663,242563,NA,NA,NA,NA,NA,NA
664,230276,NA,NA,NA,NA,NA,NA
665,299158,2.0,157.17,2.0,130.35,1.5,30.05
666,299176,2.0,173.88,1.67,110.48,5.5,99.98
667,299136,1.0,57.57,0.0,0.0,5.0,76.93
668,271244,2.0,172.33,1.0,62.47,1.25,27.28
669,242574,NA,NA,NA,NA,NA,NA
670,205714,NA,NA,NA,NA,NA,NA
671,271255,NA,NA,NA,NA,NA,NA
672,299294,1.0,86.94,3.0,198.47,3.4,61.81
673,249327,NA,NA,NA,NA,NA,NA
674,299273,1.0,86.94,2.0,132.31,5.8,105.44
675,299162,0.0,0.0,0.0,0.0,5.4,108.19
676,279365,1.5,117.88,4.33,282.21,2.0,40.07
677,279456,0.0,0.0,1.0,62.47,0.0,0.0
678,271266,NA,NA,NA,NA,NA,NA
679,267078,NA,NA,NA,NA,NA,NA
680,296433,4.67,366.99,1.0,65.18,9.75,195.34
681,299164,NA,NA,NA,NA,NA,NA
682,279467,NA,NA,NA,NA,NA,NA
683,258988,NA,NA,NA,NA,NA,NA
684,271277,1.0,86.16,0.0,0.0,1.0,21.82
685,293136,0.0,0.0,0.0,0.0,2.0,43.64
686,262301,NA,NA,NA,NA,NA,NA
687,283575,0.0,0.0,1.5,99.23,2.17,39.45
688,271288,1.5,203.57,1.71,176.02,1.4,44.92
689,299247,NA,NA,NA,NA,NA,NA
690,299167,2.0,173.88,2.8,185.24,4.4,79.99
691,295873,NA,NA,NA,NA,NA,NA
692,283586,0.0,0.0,2.4,149.92,1.5,32.73
693,279491,NA,NA,NA,NA,NA,NA
694,295155,NA,NA,NA,NA,NA,NA
695,299169,1.33,115.63,1.0,66.16,5.5,99.98
696,295884,NA,NA,NA,NA,NA,NA
697,290273,NA,NA,NA,NA,NA,NA
698,299172,2.0,173.88,1.0,66.16,5.67,103.07
699,275418,1.0,78.58,1.67,108.84,2.33,46.68
700,267227,1.0,78.58,2.0,130.35,2.0,40.07
701,291403,2.0,173.88,1.75,115.77,17.67,321.22
702,242654,NA,NA,NA,NA,NA,NA
703,287716,1.71,147.34,1.0,62.47,6.55,142.93
704,279525,1.0,86.16,0.0,0.0,0.0,0.0
705,242665,0.0,0.0,4.33,282.21,1.67,33.46
706,209898,NA,NA,NA,NA,NA,NA
707,299175,0.0,0.0,0.0,0.0,9.67,175.79
708,295920,NA,NA,NA,NA,NA,NA
709,297128,NA,NA,NA,NA,NA,NA
710,242676,1.33,104.52,1.43,93.2,14.0,280.48
711,299177,2.0,173.88,3.67,242.79,2.75,49.99
712,209912,0.0,0.0,1.0,66.16,9.0,163.61
713,293034,NA,NA,NA,NA,NA,NA
714,246783,NA,NA,NA,NA,NA,NA
715,279558,0.0,0.0,1.0,62.47,0.0,0.0
716,271368,NA,NA,NA,NA,NA,NA
717,242698,1.0,78.58,1.0,65.18,3.71,74.33
718,242701,3.0,260.82,0.0,0.0,0.0,0.0
719,299181,2.2,191.27,2.2,145.54,4.33,78.71
720,266543,NA,NA,NA,NA,NA,NA
721,283666,NA,NA,NA,NA,NA,NA
722,299277,1.33,115.63,4.25,281.16,2.75,49.99
723,286894,NA,NA,NA,NA,NA,NA
724,246806,NA,NA,NA,NA,NA,NA
725,250903,NA,NA,NA,NA,NA,NA
726,205851,1.0,78.58,0.0,0.0,1.0,20.03
727,288036,NA,NA,NA,NA,NA,NA
728,279582,1.5,129.24,1.0,62.47,2.67,58.26
729,250914,1.5,117.88,3.0,195.53,10.0,200.35
730,234532,NA,NA,NA,NA,NA,NA
731,205862,NA,NA,NA,NA,NA,NA
732,299185,1.0,86.94,2.33,154.14,4.0,72.71
733,294540,NA,NA,NA,NA,NA,NA
734,275497,NA,NA,NA,NA,NA,NA
735,283690,NA,NA,NA,NA,NA,NA
736,250925,NA,NA,NA,NA,NA,NA
737,255022,NA,NA,NA,NA,NA,NA
738,234543,NA,NA,NA,NA,NA,NA
739,288264,NA,NA,NA,NA,NA,NA
740,287795,NA,NA,NA,NA,NA,NA
741,299414,NA,NA,NA,NA,NA,NA
742,283702,1.0,86.94,2.67,176.64,5.67,103.07
743,299188,1.0,86.94,1.0,66.16,7.17,130.34
744,289291,NA,NA,NA,NA,NA,NA
745,209980,2.5,196.46,2.0,130.35,5.25,105.18
746,295997,0.0,0.0,1.0,65.18,3.0,60.1
747,299142,NA,NA,NA,NA,NA,NA
748,287807,0.0,0.0,1.0,52.77,1.0,15.39
749,291904,NA,NA,NA,NA,NA,NA
750,271200,4.33,373.09,3.8,237.38,15.17,331.02
751,299193,2.67,232.13,2.0,132.31,6.17,112.16
752,250947,NA,NA,NA,NA,NA,NA
753,259140,0.0,0.0,0.0,0.0,3.0,60.1
754,218183,0.0,0.0,0.0,0.0,3.0,60.1
755,299191,0.0,0.0,1.0,66.16,5.33,96.89
756,283724,NA,NA,NA,NA,NA,NA
757,275533,NA,NA,NA,NA,NA,NA
758,250958,NA,NA,NA,NA,NA,NA
759,239117,1.0,135.72,0.0,0.0,3.75,120.33
760,238672,NA,NA,NA,NA,NA,NA
761,299084,NA,NA,NA,NA,NA,NA
762,206284,1.0,78.58,0.0,0.0,1.0,20.03
763,283735,NA,NA,NA,NA,NA,NA
764,234587,NA,NA,NA,NA,NA,NA
765,291937,NA,NA,NA,NA,NA,NA
766,283746,NA,NA,NA,NA,NA,NA
767,279651,0.0,0.0,1.5,131.2,2.0,62.15
768,234598,NA,NA,NA,NA,NA,NA
769,275566,NA,NA,NA,NA,NA,NA
770,299197,1.0,86.94,4.0,264.62,4.4,79.99
771,234612,NA,NA,NA,NA,NA,NA
772,266430,NA,NA,NA,NA,NA,NA
773,210038,0.0,0.0,1.0,65.18,2.25,45.08
774,276503,NA,NA,NA,NA,NA,NA
775,291961,0.0,0.0,0.0,0.0,2.0,43.64
776,299144,NA,NA,NA,NA,NA,NA
777,299199,3.5,304.29,2.33,154.14,3.0,54.54
778,296023,5.0,434.7,5.0,330.78,8.6,156.34
779,230527,NA,NA,NA,NA,NA,NA
780,222336,NA,NA,NA,NA,NA,NA
781,287875,NA,NA,NA,NA,NA,NA
782,275588,NA,NA,NA,NA,NA,NA
783,267397,NA,NA,NA,NA,NA,NA
784,255113,NA,NA,NA,NA,NA,NA
785,234634,NA,NA,NA,NA,NA,NA
786,201868,1.0,78.58,0.0,0.0,8.0,160.28
787,299202,0.0,0.0,1.25,82.69,5.83,105.98
788,293741,NA,NA,NA,NA,NA,NA
789,239128,2.0,173.88,3.57,236.18,2.6,47.26
790,275602,NA,NA,NA,NA,NA,NA
791,255124,NA,NA,NA,NA,NA,NA
792,281454,NA,NA,NA,NA,NA,NA
793,243225,1.0,86.94,3.0,198.47,10.0,181.79
794,299145,NA,NA,NA,NA,NA,NA
795,248687,NA,NA,NA,NA,NA,NA
796,299205,NA,NA,NA,NA,NA,NA
797,234656,NA,NA,NA,NA,NA,NA
798,269851,NA,NA,NA,NA,NA,NA
799,283815,NA,NA,NA,NA,NA,NA
800,255146,NA,NA,NA,NA,NA,NA
801,234667,NA,NA,NA,NA,NA,NA
802,289462,0.0,0.0,2.0,130.35,6.6,132.23
803,201904,1.0,78.58,1.0,65.18,3.0,60.1
804,299208,0.0,0.0,0.0,0.0,3.83,83.57
805,292018,0.0,0.0,0.0,0.0,1.0,21.82
806,279731,1.5,117.88,1.33,86.68,1.0,20.03
807,292020,NA,NA,NA,NA,NA,NA
808,255157,NA,NA,NA,NA,NA,NA
809,234678,NA,NA,NA,NA,NA,NA
810,299412,1.0,86.16,4.0,249.87,8.67,189.19
811,234680,NA,NA,NA,NA,NA,NA
812,283837,NA,NA,NA,NA,NA,NA
813,279742,NA,NA,NA,NA,NA,NA
814,292031,NA,NA,NA,NA,NA,NA
815,255170,NA,NA,NA,NA,NA,NA
816,234691,NA,NA,NA,NA,NA,NA
817,222405,NA,NA,NA,NA,NA,NA
818,283848,NA,NA,NA,NA,NA,NA
819,279753,NA,NA,NA,NA,NA,NA
820,292042,NA,NA,NA,NA,NA,NA
821,271563,NA,NA,NA,NA,NA,NA
822,299213,1.0,86.16,1.0,62.47,4.0,87.28
823,222416,NA,NA,NA,NA,NA,NA
824,210131,2.0,157.17,2.0,130.35,6.33,126.82
825,275668,0.0,0.0,1.33,87.99,0.0,0.0
826,283861,NA,NA,NA,NA,NA,NA
827,246998,NA,NA,NA,NA,NA,NA
828,294584,NA,NA,NA,NA,NA,NA
829,255192,NA,NA,NA,NA,NA,NA
830,247002,NA,NA,NA,NA,NA,NA
831,222427,NA,NA,NA,NA,NA,NA
832,248698,NA,NA,NA,NA,NA,NA
833,289600,1.0,86.94,1.0,66.16,3.4,61.81
834,247013,NA,NA,NA,NA,NA,NA
835,299284,1.0,86.94,1.5,99.23,2.6,47.26
836,222440,NA,NA,NA,NA,NA,NA
837,279786,1.0,86.16,1.0,62.47,1.0,21.82
838,292075,NA,NA,NA,NA,NA,NA
839,295122,NA,NA,NA,NA,NA,NA
840,267502,NA,NA,NA,NA,NA,NA
841,234736,NA,NA,NA,NA,NA,NA
842,206067,NA,NA,NA,NA,NA,NA
843,279797,NA,NA,NA,NA,NA,NA
844,292086,NA,NA,NA,NA,NA,NA
845,288297,NA,NA,NA,NA,NA,NA
846,299454,NA,NA,NA,NA,NA,NA
847,263417,NA,NA,NA,NA,NA,NA
848,271610,NA,NA,NA,NA,NA,NA
849,234747,NA,NA,NA,NA,NA,NA
850,299012,NA,NA,NA,NA,NA,NA
851,290513,NA,NA,NA,NA,NA,NA
852,292097,NA,NA,NA,NA,NA,NA
853,279811,NA,NA,NA,NA,NA,NA
854,292100,NA,NA,NA,NA,NA,NA
855,288982,1.0,78.58,2.0,130.35,2.25,45.08
856,234758,NA,NA,NA,NA,NA,NA
857,234760,NA,NA,NA,NA,NA,NA
858,284204,NA,NA,NA,NA,NA,NA
859,210186,0.0,0.0,1.0,65.18,9.2,184.32
860,290147,NA,NA,NA,NA,NA,NA
861,279822,NA,NA,NA,NA,NA,NA
862,292111,NA,NA,NA,NA,NA,NA
863,259344,1.0,78.58,2.5,162.94,2.2,44.08
864,247057,NA,NA,NA,NA,NA,NA
865,218387,NA,NA,NA,NA,NA,NA
866,251438,0.0,0.0,0.0,0.0,1.0,20.03
867,278145,NA,NA,NA,NA,NA,NA
868,279833,NA,NA,NA,NA,NA,NA
869,267546,NA,NA,NA,NA,NA,NA
870,247068,0.0,0.0,0.0,0.0,2.0,40.07
871,255261,NA,NA,NA,NA,NA,NA
872,234782,NA,NA,NA,NA,NA,NA
873,218401,9.38,737.11,1.0,65.18,24.22,485.24
874,299286,1.0,86.94,1.5,99.23,5.0,90.89
875,210211,2.6,204.32,3.67,239.19,15.14,303.32
876,275748,1.0,78.58,0.0,0.0,10.5,210.36
877,292133,NA,NA,NA,NA,NA,NA
878,269873,NA,NA,NA,NA,NA,NA
879,247081,1.0,78.58,2.0,130.35,9.75,195.34
880,282162,NA,NA,NA,NA,NA,NA
881,210222,0.0,0.0,0.0,0.0,8.0,160.28
882,286941,0.0,0.0,1.0,62.47,1.0,21.82
883,267568,NA,NA,NA,NA,NA,NA
884,271665,NA,NA,NA,NA,NA,NA
885,267570,NA,NA,NA,NA,NA,NA
886,247092,1.33,115.63,1.5,99.23,34.0,618.08
887,234805,NA,NA,NA,NA,NA,NA
888,299331,1.25,71.97,3.0,158.31,5.0,76.93
889,206136,NA,NA,NA,NA,NA,NA
890,210233,2.0,175.61,1.33,116.33,4.0,124.31
891,292155,1.33,114.6,2.86,178.66,4.5,98.19
892,288060,NA,NA,NA,NA,NA,NA
893,263485,NA,NA,NA,NA,NA,NA
894,247104,NA,NA,NA,NA,NA,NA
895,296056,NA,NA,NA,NA,NA,NA
896,292166,NA,NA,NA,NA,NA,NA
897,275783,NA,NA,NA,NA,NA,NA
898,271927,0.0,0.0,2.83,184.45,3.6,72.12
899,206158,2.0,157.17,1.33,86.68,1.5,30.05
900,292177,NA,NA,NA,NA,NA,NA
901,288082,NA,NA,NA,NA,NA,NA
902,267604,NA,NA,NA,NA,NA,NA
903,247126,NA,NA,NA,NA,NA,NA
904,234840,NA,NA,NA,NA,NA,NA
905,284900,NA,NA,NA,NA,NA,NA
906,292188,NA,NA,NA,NA,NA,NA
907,288093,0.0,0.0,1.0,65.18,0.0,0.0
908,275806,1.5,203.57,3.17,326.31,2.0,64.18
909,267615,NA,NA,NA,NA,NA,NA
910,247137,NA,NA,NA,NA,NA,NA
911,299269,1.5,129.24,1.33,83.08,2.4,52.37
912,248038,NA,NA,NA,NA,NA,NA
913,206182,5.5,432.21,5.0,325.88,22.25,445.77
914,279913,NA,NA,NA,NA,NA,NA
915,267626,NA,NA,NA,NA,NA,NA
916,259435,0.0,0.0,1.0,87.46,1.0,31.08
917,247148,NA,NA,NA,NA,NA,NA
918,247150,2.67,232.13,0.0,0.0,6.25,113.62
919,257597,NA,NA,NA,NA,NA,NA
920,206193,NA,NA,NA,NA,NA,NA
921,219734,NA,NA,NA,NA,NA,NA
922,275828,NA,NA,NA,NA,NA,NA
923,267637,NA,NA,NA,NA,NA,NA
924,271734,NA,NA,NA,NA,NA,NA
925,285377,NA,NA,NA,NA,NA,NA
926,299289,1.0,86.94,0.0,0.0,8.0,145.43
927,206205,1.0,78.58,2.0,130.35,1.0,20.03
928,279935,4.5,353.63,0.0,0.0,14.0,280.48
929,292224,NA,NA,NA,NA,NA,NA
930,284033,NA,NA,NA,NA,NA,NA
931,267650,NA,NA,NA,NA,NA,NA
932,234884,NA,NA,NA,NA,NA,NA
933,242687,12.0,943.0,0.0,0.0,27.0,540.93
934,206216,0.0,0.0,1.0,102.94,8.0,256.71
935,299244,2.33,134.15,1.33,70.18,7.0,107.7
936,288138,NA,NA,NA,NA,NA,NA
937,291106,0.0,0.0,0.0,0.0,1.0,20.03
938,259468,NA,NA,NA,NA,NA,NA
939,243087,1.4,110.02,1.0,65.18,3.0,60.1
940,267843,NA,NA,NA,NA,NA,NA
941,289006,NA,NA,NA,NA,NA,NA
942,292246,NA,NA,NA,NA,NA,NA
943,275863,NA,NA,NA,NA,NA,NA
944,267672,NA,NA,NA,NA,NA,NA
945,255556,NA,NA,NA,NA,NA,NA
946,243098,NA,NA,NA,NA,NA,NA
947,234907,NA,NA,NA,NA,NA,NA
948,299168,2.0,173.88,1.5,99.23,4.5,81.8
949,299359,1.0,57.57,1.67,88.13,3.75,57.7
950,296353,NA,NA,NA,NA,NA,NA
951,288162,NA,NA,NA,NA,NA,NA
952,271780,1.0,78.58,2.0,130.35,2.71,54.29
953,234918,NA,NA,NA,NA,NA,NA
954,299249,1.0,57.57,1.0,52.77,5.8,89.24
955,292268,NA,NA,NA,NA,NA,NA
956,252146,0.0,0.0,2.0,130.35,2.4,48.08
957,292270,1.25,107.7,1.5,93.7,8.0,174.57
958,292144,0.0,0.0,1.0,62.47,1.75,38.19
959,279514,11.75,1012.42,2.0,124.94,29.64,646.77
960,247217,NA,NA,NA,NA,NA,NA
961,251314,NA,NA,NA,NA,NA,NA
962,234931,NA,NA,NA,NA,NA,NA
963,279992,0.0,0.0,0.0,0.0,1.0,20.03
964,278772,NA,NA,NA,NA,NA,NA
965,247228,NA,NA,NA,NA,NA,NA
966,255421,NA,NA,NA,NA,NA,NA
967,234942,NA,NA,NA,NA,NA,NA
968,292290,NA,NA,NA,NA,NA,NA
969,288195,2.0,172.33,1.0,62.47,4.67,101.9
970,292292,NA,NA,NA,NA,NA,NA
971,280006,NA,NA,NA,NA,NA,NA
972,247241,NA,NA,NA,NA,NA,NA
973,202188,NA,NA,NA,NA,NA,NA
974,273241,NA,NA,NA,NA,NA,NA
975,288207,NA,NA,NA,NA,NA,NA
976,292304,0.0,0.0,1.25,78.09,1.5,32.73
977,292430,NA,NA,NA,NA,NA,NA
978,230870,NA,NA,NA,NA,NA,NA
979,288218,NA,NA,NA,NA,NA,NA
980,208463,1.0,78.58,3.33,217.03,1.0,20.03
981,275932,NA,NA,NA,NA,NA,NA
982,293114,NA,NA,NA,NA,NA,NA
983,251358,11.2,880.14,1.0,65.18,17.17,343.99
984,243167,NA,NA,NA,NA,NA,NA
985,226784,NA,NA,NA,NA,NA,NA
986,230881,1.33,104.52,1.0,65.18,10.64,213.17
987,299259,NA,NA,NA,NA,NA,NA
988,292326,NA,NA,NA,NA,NA,NA
989,299155,5.0,392.92,13.0,847.28,6.33,126.82
990,280041,NA,NA,NA,NA,NA,NA
991,243178,NA,NA,NA,NA,NA,NA
992,298623,NA,NA,NA,NA,NA,NA
993,230892,NA,NA,NA,NA,NA,NA
994,290386,NA,NA,NA,NA,NA,NA
995,206318,NA,NA,NA,NA,NA,NA
996,210415,NA,NA,NA,NA,NA,NA
997,292337,NA,NA,NA,NA,NA,NA
998,284146,NA,NA,NA,NA,NA,NA
999,271860,NA,NA,NA,NA,NA,NA
1000,295166,NA,NA,NA,NA,NA,NA
1001,251382,2.0,157.17,1.5,97.76,30.0,601.04
1002,243191,0.0,0.0,0.0,0.0,3.0,93.23
1003,289473,NA,NA,NA,NA,NA,NA
1004,206331,0.0,0.0,1.0,65.18,2.0,40.07
1005,292348,NA,NA,NA,NA,NA,NA
1006,292350,NA,NA,NA,NA,NA,NA
1007,263680,NA,NA,NA,NA,NA,NA
1008,251393,NA,NA,NA,NA,NA,NA
1009,226818,NA,NA,NA,NA,NA,NA
1010,283063,NA,NA,NA,NA,NA,NA
1011,206342,NA,NA,NA,NA,NA,NA
1012,296455,NA,NA,NA,NA,NA,NA
1013,284168,NA,NA,NA,NA,NA,NA
1014,251405,3.0,235.75,1.5,97.76,4.0,80.14
1015,206353,2.0,157.17,3.0,195.53,2.0,40.07
1016,296466,NA,NA,NA,NA,NA,NA
1017,288275,NA,NA,NA,NA,NA,NA
1018,267796,NA,NA,NA,NA,NA,NA
1019,251416,NA,NA,NA,NA,NA,NA
1020,241924,NA,NA,NA,NA,NA,NA
1021,206364,NA,NA,NA,NA,NA,NA
1022,210461,NA,NA,NA,NA,NA,NA
1023,275998,NA,NA,NA,NA,NA,NA
1024,292383,0.0,0.0,1.0,66.16,12.33,224.14
1025,267808,NA,NA,NA,NA,NA,NA
1026,267810,NA,NA,NA,NA,NA,NA
1027,251427,NA,NA,NA,NA,NA,NA
1028,243236,NA,NA,NA,NA,NA,NA
1029,289030,NA,NA,NA,NA,NA,NA
1030,296488,0.0,0.0,1.5,93.7,2.8,61.1
1031,202281,NA,NA,NA,NA,NA,NA
1032,296490,1.0,100.0,1.5,85.71,1.67,66.14
1033,299271,0.0,0.0,1.8,117.32,7.8,156.27
1034,280108,NA,NA,NA,NA,NA,NA
1035,276013,NA,NA,NA,NA,NA,NA
1036,280110,NA,NA,NA,NA,NA,NA
1037,294493,1.0,78.58,1.0,65.18,1.29,25.84
1038,299295,1.5,130.41,1.75,115.77,3.8,69.08
1039,252168,NA,NA,NA,NA,NA,NA
1040,206386,NA,NA,NA,NA,NA,NA
1041,210483,2.0,157.17,1.0,65.18,1.0,20.03
1042,202292,NA,NA,NA,NA,NA,NA
1043,296502,NA,NA,NA,NA,NA,NA
1044,260361,NA,NA,NA,NA,NA,NA
1045,280121,NA,NA,NA,NA,NA,NA
1046,243258,2.0,157.17,0.0,0.0,9.0,180.31
1047,243260,NA,NA,NA,NA,NA,NA
1048,206397,1.0,78.58,1.0,65.18,6.0,120.21
1049,210528,0.0,0.0,0.0,0.0,1.0,20.03
1050,271938,1.6,125.73,3.0,195.53,3.4,68.12
1051,276035,NA,NA,NA,NA,NA,NA
1052,271940,NA,NA,NA,NA,NA,NA
1053,228278,NA,NA,NA,NA,NA,NA
1054,210506,0.0,0.0,1.0,65.18,3.0,60.1
1055,206411,1.0,78.58,1.0,65.18,4.0,80.14
1056,288333,NA,NA,NA,NA,NA,NA
1057,276046,NA,NA,NA,NA,NA,NA
1058,271951,NA,NA,NA,NA,NA,NA
1059,279480,2.0,172.33,0.0,0.0,0.0,0.0
1060,243282,1.0,78.58,1.33,86.68,3.12,62.51
1061,210517,NA,NA,NA,NA,NA,NA
1062,288344,NA,NA,NA,NA,NA,NA
1063,292441,NA,NA,NA,NA,NA,NA
1064,284250,1.0,86.16,1.4,87.46,2.75,60.01
1065,299279,2.0,173.88,1.5,99.23,6.6,119.98
1066,222815,NA,NA,NA,NA,NA,NA
1067,218720,NA,NA,NA,NA,NA,NA
1068,284944,NA,NA,NA,NA,NA,NA
1069,210530,NA,NA,NA,NA,NA,NA
1070,276068,NA,NA,NA,NA,NA,NA
1071,259685,NA,NA,NA,NA,NA,NA
1072,276070,NA,NA,NA,NA,NA,NA
1073,299281,1.0,86.94,0.0,0.0,6.5,118.16
1074,243305,NA,NA,NA,NA,NA,NA
1075,222826,NA,NA,NA,NA,NA,NA
1076,218731,NA,NA,NA,NA,NA,NA
1077,299343,1.0,57.57,1.8,94.99,2.6,40.0
1078,280850,NA,NA,NA,NA,NA,NA
1079,280176,NA,NA,NA,NA,NA,NA
1080,264763,NA,NA,NA,NA,NA,NA
1081,255603,NA,NA,NA,NA,NA,NA
1082,243316,0.0,0.0,0.0,0.0,2.0,40.07
1083,281534,NA,NA,NA,NA,NA,NA
1084,218742,NA,NA,NA,NA,NA,NA
1085,284603,NA,NA,NA,NA,NA,NA
1086,210552,NA,NA,NA,NA,NA,NA
1087,248084,NA,NA,NA,NA,NA,NA
1088,292474,NA,NA,NA,NA,NA,NA
1089,276092,1.0,86.94,2.0,132.31,17.75,322.67
1090,255614,NA,NA,NA,NA,NA,NA
1091,243327,NA,NA,NA,NA,NA,NA
1092,256960,NA,NA,NA,NA,NA,NA
1093,274027,NA,NA,NA,NA,NA,NA
1094,292485,NA,NA,NA,NA,NA,NA
1095,288390,NA,NA,NA,NA,NA,NA
1096,276104,0.0,0.0,2.4,156.42,3.5,70.12
1097,255625,NA,NA,NA,NA,NA,NA
1098,272010,NA,NA,NA,NA,NA,NA
1099,251531,NA,NA,NA,NA,NA,NA
1100,218764,NA,NA,NA,NA,NA,NA
1101,210541,2.0,157.17,1.0,65.18,8.33,166.89
1102,292496,NA,NA,NA,NA,NA,NA
1103,275395,NA,NA,NA,NA,NA,NA
1104,272021,0.0,0.0,0.0,0.0,7.0,127.25
1105,251542,NA,NA,NA,NA,NA,NA
1106,218775,NA,NA,NA,NA,NA,NA
1107,290433,NA,NA,NA,NA,NA,NA
1108,295452,NA,NA,NA,NA,NA,NA
1109,292508,NA,NA,NA,NA,NA,NA
1110,203034,NA,NA,NA,NA,NA,NA
1111,255647,NA,NA,NA,NA,NA,NA
1112,259696,NA,NA,NA,NA,NA,NA
1113,218786,NA,NA,NA,NA,NA,NA
1114,202406,0.0,0.0,0.0,0.0,2.0,40.07
1115,276081,NA,NA,NA,NA,NA,NA
1116,284328,NA,NA,NA,NA,NA,NA
1117,267945,NA,NA,NA,NA,NA,NA
1118,290570,NA,NA,NA,NA,NA,NA
1119,243373,NA,NA,NA,NA,NA,NA
1120,290843,NA,NA,NA,NA,NA,NA
1121,292532,NA,NA,NA,NA,NA,NA
1122,284341,NA,NA,NA,NA,NA,NA
1123,272054,NA,NA,NA,NA,NA,NA
1124,281545,NA,NA,NA,NA,NA,NA
1125,243384,NA,NA,NA,NA,NA,NA
1126,218811,NA,NA,NA,NA,NA,NA
1127,267967,NA,NA,NA,NA,NA,NA
1128,284352,NA,NA,NA,NA,NA,NA
1129,272065,0.0,0.0,1.0,66.16,2.0,36.36
1130,299297,1.0,86.94,1.0,66.16,9.4,170.88
1131,267978,1.5,130.41,0.0,0.0,0.0,0.0
1132,284363,NA,NA,NA,NA,NA,NA
1133,272076,0.0,0.0,1.0,62.47,1.25,27.28
1134,255693,NA,NA,NA,NA,NA,NA
1135,251600,NA,NA,NA,NA,NA,NA
1136,299299,1.0,86.94,1.5,99.23,5.75,104.53
1137,292565,NA,NA,NA,NA,NA,NA
1138,263895,NA,NA,NA,NA,NA,NA
1139,299300,2.0,173.88,1.0,66.16,2.6,47.26
1140,251611,NA,NA,NA,NA,NA,NA
1141,218844,NA,NA,NA,NA,NA,NA
1142,299252,2.0,115.15,2.0,105.54,4.83,74.31
1143,299301,1.0,86.94,1.0,66.16,2.5,45.45
1144,292576,NA,NA,NA,NA,NA,NA
1145,272098,NA,NA,NA,NA,NA,NA
1146,260975,NA,NA,NA,NA,NA,NA
1147,255716,NA,NA,NA,NA,NA,NA
1148,272101,NA,NA,NA,NA,NA,NA
1149,251622,NA,NA,NA,NA,NA,NA
1150,218855,NA,NA,NA,NA,NA,NA
1151,299303,1.0,86.94,1.67,110.48,7.2,130.89
1152,255727,1.0,78.58,1.0,65.18,4.5,90.16
1153,299165,1.0,86.94,1.5,99.23,3.17,57.63
1154,239345,NA,NA,NA,NA,NA,NA
1155,279252,NA,NA,NA,NA,NA,NA
1156,299305,2.0,173.88,1.33,87.99,9.5,172.7
1157,292760,NA,NA,NA,NA,NA,NA
1158,292601,NA,NA,NA,NA,NA,NA
1159,280314,1.0,78.58,2.0,130.35,22.0,440.76
1160,294527,NA,NA,NA,NA,NA,NA
1161,251644,NA,NA,NA,NA,NA,NA
1162,248107,NA,NA,NA,NA,NA,NA
1163,276228,NA,NA,NA,NA,NA,NA
1164,272134,2.0,172.33,1.0,62.47,5.9,128.74
1165,251655,NA,NA,NA,NA,NA,NA
1166,247560,3.33,261.68,3.43,223.55,17.6,352.61
1167,293125,NA,NA,NA,NA,NA,NA
1168,202508,6.0,471.5,1.5,97.76,3.5,70.12
1169,299309,0.0,0.0,0.0,0.0,4.67,101.9
1170,259856,NA,NA,NA,NA,NA,NA
1171,276241,NA,NA,NA,NA,NA,NA
1172,251666,NA,NA,NA,NA,NA,NA
1173,249475,NA,NA,NA,NA,NA,NA
1174,239380,NA,NA,NA,NA,NA,NA
1175,287022,NA,NA,NA,NA,NA,NA
1176,3716,NA,NA,NA,NA,NA,NA
1177,292634,NA,NA,NA,NA,NA,NA
1178,280347,NA,NA,NA,NA,NA,NA
1179,276252,NA,NA,NA,NA,NA,NA
1180,268061,NA,NA,NA,NA,NA,NA
1181,294802,NA,NA,NA,NA,NA,NA
1182,227105,0.0,0.0,3.0,195.53,6.0,120.21
1183,299307,1.0,86.16,2.5,156.17,5.6,122.2
1184,216027,NA,NA,NA,NA,NA,NA
1185,281088,NA,NA,NA,NA,NA,NA
1186,239403,0.0,0.0,2.0,132.31,2.25,40.9
1187,227116,NA,NA,NA,NA,NA,NA
1188,229682,NA,NA,NA,NA,NA,NA
1189,299198,NA,NA,NA,NA,NA,NA
1190,272008,NA,NA,NA,NA,NA,NA
1191,272178,0.0,0.0,1.33,87.99,3.5,63.63
1192,280883,0.0,0.0,1.0,66.16,3.67,66.72
1193,251702,NA,NA,NA,NA,NA,NA
1194,227127,NA,NA,NA,NA,NA,NA
1195,299316,1.0,86.16,1.67,104.32,5.6,122.2
1196,292667,NA,NA,NA,NA,NA,NA
1197,284476,3.14,246.75,1.0,65.18,23.75,475.82
1198,243338,0.0,0.0,0.0,0.0,1.0,20.03
1199,272191,NA,NA,NA,NA,NA,NA
1200,247616,NA,NA,NA,NA,NA,NA
1201,251713,NA,NA,NA,NA,NA,NA
1202,227138,NA,NA,NA,NA,NA,NA
1203,260406,NA,NA,NA,NA,NA,NA
1204,284487,NA,NA,NA,NA,NA,NA
1205,276296,2.0,157.17,0.0,0.0,1.0,20.03
1206,280393,1.0,78.58,1.0,65.18,3.67,73.53
1207,272203,NA,NA,NA,NA,NA,NA
1208,251724,NA,NA,NA,NA,NA,NA
1209,202576,NA,NA,NA,NA,NA,NA
1210,244024,1.0,78.58,4.0,260.7,26.0,520.9
1211,288594,NA,NA,NA,NA,NA,NA
1212,280405,1.5,130.41,0.0,0.0,2.0,36.36
1213,272214,0.0,0.0,0.0,0.0,1.0,15.39
1214,255831,NA,NA,NA,NA,NA,NA
1215,227162,NA,NA,NA,NA,NA,NA
1216,202587,0.0,0.0,0.0,0.0,1.0,20.03
1217,299322,1.0,86.16,2.5,156.17,4.4,96.01
1218,288606,NA,NA,NA,NA,NA,NA
1219,292703,2.5,196.46,2.11,137.52,2.83,56.7
1220,280416,NA,NA,NA,NA,NA,NA
1221,264034,NA,NA,NA,NA,NA,NA
1222,270651,0.0,0.0,2.0,130.35,2.2,44.08
1223,216038,NA,NA,NA,NA,NA,NA
1224,202598,NA,NA,NA,NA,NA,NA
1225,284988,0.0,0.0,2.0,130.35,2.0,40.07
1226,220135,NA,NA,NA,NA,NA,NA
1227,276332,NA,NA,NA,NA,NA,NA
1228,229693,NA,NA,NA,NA,NA,NA
1229,227184,NA,NA,NA,NA,NA,NA
1230,289768,NA,NA,NA,NA,NA,NA
1231,276115,1.0,86.94,0.0,0.0,4.83,87.8
1232,288628,NA,NA,NA,NA,NA,NA
1233,296821,2.0,172.33,4.0,249.87,7.0,152.75
1234,272247,NA,NA,NA,NA,NA,NA
1235,251768,NA,NA,NA,NA,NA,NA
1236,251770,NA,NA,NA,NA,NA,NA
1237,231292,NA,NA,NA,NA,NA,NA
1238,234793,NA,NA,NA,NA,NA,NA
1239,292736,NA,NA,NA,NA,NA,NA
1240,299328,1.5,86.36,2.25,118.73,3.0,46.16
1241,272258,1.0,86.94,1.0,66.16,1.0,18.18
1242,299236,NA,NA,NA,NA,NA,NA
1243,227207,NA,NA,NA,NA,NA,NA
1244,290455,NA,NA,NA,NA,NA,NA
1245,288652,NA,NA,NA,NA,NA,NA
1246,259982,NA,NA,NA,NA,NA,NA
1247,264080,3.0,260.82,1.0,66.16,6.0,109.07
1248,227218,NA,NA,NA,NA,NA,NA
1249,295235,1.0,86.16,1.5,93.7,6.33,138.13
1250,296854,0.0,0.0,0.0,0.0,10.0,181.79
1251,274073,NA,NA,NA,NA,NA,NA
1252,276376,0.0,0.0,2.0,132.31,6.0,109.07
1253,280473,1.33,104.52,1.0,65.18,8.0,160.28
1254,237931,1.0,78.58,1.67,108.84,5.6,112.19
1255,259481,NA,NA,NA,NA,NA,NA
1256,292771,1.0,78.58,1.33,86.68,5.45,109.19
1257,272293,NA,NA,NA,NA,NA,NA
1258,264103,NA,NA,NA,NA,NA,NA
1259,231337,NA,NA,NA,NA,NA,NA
1260,288685,NA,NA,NA,NA,NA,NA
1261,287933,NA,NA,NA,NA,NA,NA
1262,276401,0.0,0.0,0.0,0.0,8.0,145.43
1263,255922,NA,NA,NA,NA,NA,NA
1264,260020,NA,NA,NA,NA,NA,NA
1265,299337,2.0,115.15,1.0,52.77,3.0,46.16
1266,288696,NA,NA,NA,NA,NA,NA
1267,292793,NA,NA,NA,NA,NA,NA
1268,280507,NA,NA,NA,NA,NA,NA
1269,272316,0.0,0.0,1.0,62.47,7.75,169.11
1270,255933,NA,NA,NA,NA,NA,NA
1271,219073,NA,NA,NA,NA,NA,NA
1272,299339,1.33,76.57,3.0,158.31,10.2,156.94
1273,288708,NA,NA,NA,NA,NA,NA
1274,292805,NA,NA,NA,NA,NA,NA
1275,251553,NA,NA,NA,NA,NA,NA
1276,255944,NA,NA,NA,NA,NA,NA
1277,260428,NA,NA,NA,NA,NA,NA
1278,219084,5.3,416.49,5.3,345.43,27.27,546.34
1279,243362,NA,NA,NA,NA,NA,NA
1280,287170,NA,NA,NA,NA,NA,NA
1281,288721,NA,NA,NA,NA,NA,NA
1282,264147,1.0,86.16,1.0,62.47,0.0,0.0
1283,239950,0.0,0.0,0.0,0.0,9.67,175.79
1284,287443,NA,NA,NA,NA,NA,NA
1285,219095,0.0,0.0,2.0,130.35,0.0,0.0
1286,274084,NA,NA,NA,NA,NA,NA
1287,296923,NA,NA,NA,NA,NA,NA
1288,288732,NA,NA,NA,NA,NA,NA
1289,276445,NA,NA,NA,NA,NA,NA
1290,264160,NA,NA,NA,NA,NA,NA
1291,299344,2.0,115.15,1.0,52.77,6.4,98.47
1292,219107,NA,NA,NA,NA,NA,NA
1293,292838,NA,NA,NA,NA,NA,NA
1294,258385,NA,NA,NA,NA,NA,NA
1295,276456,NA,NA,NA,NA,NA,NA
1296,207868,1.5,117.88,0.0,0.0,2.5,50.09
1297,264171,NA,NA,NA,NA,NA,NA
1298,299346,1.33,76.57,1.0,52.77,3.2,49.23
1299,219118,0.0,0.0,0.0,0.0,1.25,25.04
1300,288754,NA,NA,NA,NA,NA,NA
1301,299310,2.75,236.95,3.8,237.38,12.2,266.21
1302,219131,NA,NA,NA,NA,NA,NA
1303,288765,NA,NA,NA,NA,NA,NA
1304,276478,NA,NA,NA,NA,NA,NA
1305,280575,2.67,232.13,2.25,148.85,26.8,487.19
1306,276480,NA,NA,NA,NA,NA,NA
1307,298667,NA,NA,NA,NA,NA,NA
1308,209238,3.0,235.75,0.0,0.0,55.5,1111.92
1309,292873,1.0,100.0,2.0,114.29,3.38,133.86
1310,293171,2.33,200.76,1.67,104.32,3.78,82.48
1311,299311,0.0,0.0,3.0,187.41,6.4,139.65
1312,223250,0.0,0.0,0.0,0.0,2.0,40.07
1313,292884,NA,NA,NA,NA,NA,NA
1314,248153,NA,NA,NA,NA,NA,NA
1315,280600,NA,NA,NA,NA,NA,NA
1316,299354,NA,NA,NA,NA,NA,NA
1317,288798,NA,NA,NA,NA,NA,NA
1318,292895,NA,NA,NA,NA,NA,NA
1319,284705,NA,NA,NA,NA,NA,NA
1320,276514,NA,NA,NA,NA,NA,NA
1321,256036,NA,NA,NA,NA,NA,NA
1322,260133,2.2,172.88,4.2,273.74,14.0,280.48
1323,299356,3.5,201.51,1.67,88.13,12.5,192.32
1324,299434,2.0,172.33,0.0,0.0,9.0,196.39
1325,292907,0.0,0.0,1.0,62.47,3.33,72.66
1326,288812,NA,NA,NA,NA,NA,NA
1327,276525,NA,NA,NA,NA,NA,NA
1328,280622,NA,NA,NA,NA,NA,NA
1329,299312,0.0,0.0,1.0,62.47,3.8,82.92
1330,260144,8.8,691.54,2.6,169.46,30.67,614.46
1331,275464,2.4,188.6,3.5,228.11,1.67,33.46
1332,297961,1.5,86.36,1.0,52.77,5.75,88.47
1333,292918,NA,NA,NA,NA,NA,NA
1334,207881,0.0,0.0,1.0,65.18,24.43,489.45
1335,256058,NA,NA,NA,NA,NA,NA
1336,264251,NA,NA,NA,NA,NA,NA
1337,256060,NA,NA,NA,NA,NA,NA
1338,279263,NA,NA,NA,NA,NA,NA
1339,284738,NA,NA,NA,NA,NA,NA
1340,292931,NA,NA,NA,NA,NA,NA
1341,280644,0.0,0.0,1.0,66.16,1.0,18.18
1342,263862,NA,NA,NA,NA,NA,NA
1343,256071,0.0,0.0,0.0,0.0,1.0,20.03
1344,286952,NA,NA,NA,NA,NA,NA
1345,215115,0.0,0.0,1.0,65.18,2.4,48.08
1346,298703,NA,NA,NA,NA,NA,NA
1347,288845,NA,NA,NA,NA,NA,NA
1348,276558,NA,NA,NA,NA,NA,NA
1349,280655,NA,NA,NA,NA,NA,NA
1350,260177,NA,NA,NA,NA,NA,NA
1351,256082,NA,NA,NA,NA,NA,NA
1352,297048,NA,NA,NA,NA,NA,NA
1353,239972,0.0,0.0,0.0,0.0,1.0,20.03
1354,280666,NA,NA,NA,NA,NA,NA
1355,272475,NA,NA,NA,NA,NA,NA
1356,260190,NA,NA,NA,NA,NA,NA
1357,299450,NA,NA,NA,NA,NA,NA
1358,215137,0.0,0.0,0.0,0.0,3.0,54.54
1359,223330,NA,NA,NA,NA,NA,NA
1360,278203,NA,NA,NA,NA,NA,NA
1361,299391,2.0,115.15,2.0,105.54,1.5,23.08
1362,284773,NA,NA,NA,NA,NA,NA
1363,264295,NA,NA,NA,NA,NA,NA
1364,260202,NA,NA,NA,NA,NA,NA
1365,299314,1.0,86.16,1.0,62.47,6.8,148.38
1366,287762,1.0,86.16,1.0,62.47,2.0,43.64
1367,280688,NA,NA,NA,NA,NA,NA
1368,299368,0.0,0.0,0.0,0.0,3.0,46.16
1369,260213,NA,NA,NA,NA,NA,NA
1370,223352,0.0,0.0,0.0,0.0,1.0,20.03
1371,211065,0.0,0.0,1.33,86.68,2.0,40.07
1372,288891,0.0,0.0,0.0,0.0,2.0,40.07
1373,229738,NA,NA,NA,NA,NA,NA
1374,256127,NA,NA,NA,NA,NA,NA
1375,260224,NA,NA,NA,NA,NA,NA
1376,223363,NA,NA,NA,NA,NA,NA
1377,211076,NA,NA,NA,NA,NA,NA
1378,292997,NA,NA,NA,NA,NA,NA
1379,297094,1.0,57.57,0.0,0.0,1.5,23.08
1380,276616,NA,NA,NA,NA,NA,NA
1381,229740,1.75,137.52,1.5,97.76,1.83,36.66
1382,247946,0.0,0.0,1.0,102.94,2.0,64.18
1383,260235,NA,NA,NA,NA,NA,NA
1384,256140,NA,NA,NA,NA,NA,NA
1385,291950,NA,NA,NA,NA,NA,NA
1386,298873,NA,NA,NA,NA,NA,NA
1387,299364,NA,NA,NA,NA,NA,NA
1388,276627,0.0,0.0,0.0,0.0,5.0,90.89
1389,280724,NA,NA,NA,NA,NA,NA
1390,205166,0.0,0.0,0.0,0.0,1.0,20.03
1391,256151,1.0,78.58,2.0,130.35,1.75,35.06
1392,295279,NA,NA,NA,NA,NA,NA
1393,297117,NA,NA,NA,NA,NA,NA
1394,260257,0.0,0.0,0.0,0.0,1.0,20.03
1395,256162,NA,NA,NA,NA,NA,NA
1396,231587,1.0,78.58,0.0,0.0,1.7,34.06
1397,223396,0.0,0.0,2.0,205.87,1.0,32.09
1398,274118,NA,NA,NA,NA,NA,NA
1399,289223,NA,NA,NA,NA,NA,NA
1400,299377,14.0,806.05,5.33,281.27,26.5,407.72
1401,288936,NA,NA,NA,NA,NA,NA
1402,280746,NA,NA,NA,NA,NA,NA
1403,276651,NA,NA,NA,NA,NA,NA
1404,260268,NA,NA,NA,NA,NA,NA
1405,256173,NA,NA,NA,NA,NA,NA
1406,231598,NA,NA,NA,NA,NA,NA
1407,215217,NA,NA,NA,NA,NA,NA
1408,202931,NA,NA,NA,NA,NA,NA
1409,275486,6.0,471.5,1.0,65.18,19.17,384.06
1410,286223,NA,NA,NA,NA,NA,NA
1411,215228,0.0,0.0,0.0,0.0,2.0,40.07
1412,292554,NA,NA,NA,NA,NA,NA
1413,288958,1.0,78.58,0.0,0.0,3.0,60.1
1414,293056,NA,NA,NA,NA,NA,NA
1415,276673,NA,NA,NA,NA,NA,NA
1416,256195,NA,NA,NA,NA,NA,NA
1417,289906,NA,NA,NA,NA,NA,NA
1418,288971,1.0,78.58,1.25,81.47,2.25,45.08
1419,276684,NA,NA,NA,NA,NA,NA
1420,280781,NA,NA,NA,NA,NA,NA
1421,251597,1.0,78.58,1.0,65.18,2.0,40.07
1422,284886,NA,NA,NA,NA,NA,NA
1423,299385,1.0,57.57,1.0,52.77,2.33,35.85
1424,293080,NA,NA,NA,NA,NA,NA
1425,239835,1.5,203.57,1.33,136.91,2.2,70.6
1426,243932,NA,NA,NA,NA,NA,NA
1427,231645,3.0,235.75,10.0,651.75,2.11,42.27
1428,239312,1.0,78.58,0.0,0.0,1.0,20.03
1429,293091,NA,NA,NA,NA,NA,NA
1430,280804,NA,NA,NA,NA,NA,NA
1431,239846,NA,NA,NA,NA,NA,NA
1432,243943,NA,NA,NA,NA,NA,NA
1433,295292,NA,NA,NA,NA,NA,NA
1434,215274,NA,NA,NA,NA,NA,NA
1435,276718,0.0,0.0,0.0,0.0,2.0,36.36
1436,284911,1.0,86.94,1.6,105.85,3.5,63.63
1437,276720,NA,NA,NA,NA,NA,NA
1438,243954,0.0,0.0,0.0,0.0,9.0,180.31
1439,248051,0.0,0.0,0.0,0.0,1.0,18.18
1440,215285,1.75,137.52,1.0,65.18,2.33,46.68
1441,280826,NA,NA,NA,NA,NA,NA
1442,276731,1.0,86.94,1.67,110.48,23.11,420.11
1443,280906,NA,NA,NA,NA,NA,NA
1444,290067,0.0,0.0,1.0,66.16,1.5,27.27
1445,239870,NA,NA,NA,NA,NA,NA
1446,245461,NA,NA,NA,NA,NA,NA
1447,211203,0.0,0.0,0.0,0.0,3.5,70.12
1448,203012,1.0,135.72,2.0,205.87,3.0,96.27
1449,284933,NA,NA,NA,NA,NA,NA
1450,276742,NA,NA,NA,NA,NA,NA
1451,299393,1.0,57.57,0.0,0.0,9.75,150.01
1452,243976,NA,NA,NA,NA,NA,NA
1453,239881,4.0,314.33,1.0,65.18,14.43,289.1
1454,252170,1.0,78.58,1.0,65.18,5.14,102.98
1455,299183,2.0,173.88,1.25,82.69,3.4,61.81
1456,203023,NA,NA,NA,NA,NA,NA
1457,280848,NA,NA,NA,NA,NA,NA
1458,289041,NA,NA,NA,NA,NA,NA
1459,264466,NA,NA,NA,NA,NA,NA
1460,239892,NA,NA,NA,NA,NA,NA
1461,299396,1.0,57.57,1.67,88.13,6.67,102.62
1462,207130,NA,NA,NA,NA,NA,NA
1463,284955,NA,NA,NA,NA,NA,NA
1464,289052,NA,NA,NA,NA,NA,NA
1465,280861,NA,NA,NA,NA,NA,NA
1466,243998,NA,NA,NA,NA,NA,NA
1467,248095,0.0,0.0,0.0,0.0,1.67,33.46
1468,239904,NA,NA,NA,NA,NA,NA
1469,244002,NA,NA,NA,NA,NA,NA
1470,239323,1.5,117.88,2.25,146.64,11.75,235.41
1471,207141,0.0,0.0,0.0,0.0,1.0,20.03
1472,289063,NA,NA,NA,NA,NA,NA
1473,293160,0.0,0.0,2.0,124.94,1.5,32.73
1474,272681,NA,NA,NA,NA,NA,NA
1475,260394,NA,NA,NA,NA,NA,NA
1476,239915,NA,NA,NA,NA,NA,NA
1477,231725,NA,NA,NA,NA,NA,NA
1478,207152,0.0,0.0,1.0,65.18,2.33,46.68
1479,299400,NA,NA,NA,NA,NA,NA
1480,299457,NA,NA,NA,NA,NA,NA
1481,268595,NA,NA,NA,NA,NA,NA
1482,249566,NA,NA,NA,NA,NA,NA
1483,239926,NA,NA,NA,NA,NA,NA
1484,287113,NA,NA,NA,NA,NA,NA
1485,248120,NA,NA,NA,NA,NA,NA
1486,283462,NA,NA,NA,NA,NA,NA
1487,211260,NA,NA,NA,NA,NA,NA
1488,299321,0.0,0.0,0.0,0.0,4.4,96.01
1489,284990,NA,NA,NA,NA,NA,NA
1490,245472,NA,NA,NA,NA,NA,NA
1491,248131,1.86,146.17,2.0,130.35,2.0,40.07
1492,227652,NA,NA,NA,NA,NA,NA
1493,207174,NA,NA,NA,NA,NA,NA
1494,211271,NA,NA,NA,NA,NA,NA
1495,289096,NA,NA,NA,NA,NA,NA
1496,293193,NA,NA,NA,NA,NA,NA
1497,268618,NA,NA,NA,NA,NA,NA
1498,239948,0.0,0.0,0.0,0.0,3.0,60.1
1499,256333,NA,NA,NA,NA,NA,NA
1500,248142,NA,NA,NA,NA,NA,NA
1501,299401,NA,NA,NA,NA,NA,NA
1502,299458,NA,NA,NA,NA,NA,NA
1503,207185,0.0,0.0,1.0,65.18,1.0,20.03
1504,293205,NA,NA,NA,NA,NA,NA
1505,289110,NA,NA,NA,NA,NA,NA
1506,260441,NA,NA,NA,NA,NA,NA
1507,227674,NA,NA,NA,NA,NA,NA
1508,299407,NA,NA,NA,NA,NA,NA
1509,293730,0.0,0.0,3.0,187.41,2.0,43.64
1510,280928,NA,NA,NA,NA,NA,NA
1511,285025,NA,NA,NA,NA,NA,NA
1512,248164,NA,NA,NA,NA,NA,NA
1513,239334,1.5,117.88,4.25,277.0,2.5,50.09
1514,299186,1.0,86.94,0.0,0.0,5.0,90.89
1515,293227,1.0,86.16,1.0,62.47,3.0,65.46
1516,245448,1.0,78.58,3.5,228.11,2.12,42.47
1517,256366,2.0,173.88,1.0,66.16,12.0,218.14
1518,248175,NA,NA,NA,NA,NA,NA
1519,227696,NA,NA,NA,NA,NA,NA
1520,207221,0.0,0.0,0.0,0.0,2.0,40.07
1521,293238,NA,NA,NA,NA,NA,NA
1522,289143,NA,NA,NA,NA,NA,NA
1523,293240,NA,NA,NA,NA,NA,NA
1524,256377,NA,NA,NA,NA,NA,NA
1525,227708,NA,NA,NA,NA,NA,NA
1526,227710,NA,NA,NA,NA,NA,NA
1527,207232,1.0,78.58,0.0,0.0,1.0,20.03
1528,294892,NA,NA,NA,NA,NA,NA
1529,285058,NA,NA,NA,NA,NA,NA
1530,299182,2.0,173.88,6.0,396.93,3.8,69.08
1531,299429,1.0,57.57,1.0,52.77,13.0,200.02
1532,299187,NA,NA,NA,NA,NA,NA
1533,260452,0.0,0.0,0.0,0.0,1.0,20.03
1534,237975,NA,NA,NA,NA,NA,NA
1535,289165,NA,NA,NA,NA,NA,NA
1536,293262,NA,NA,NA,NA,NA,NA
1537,285071,NA,NA,NA,NA,NA,NA
1538,299416,NA,NA,NA,NA,NA,NA
1539,227732,1.0,78.58,1.5,97.76,1.0,20.03
1540,216814,0.0,0.0,1.0,87.46,2.67,82.98
1541,203158,NA,NA,NA,NA,NA,NA
1542,297367,NA,NA,NA,NA,NA,NA
1543,272794,NA,NA,NA,NA,NA,NA
1544,259823,0.0,0.0,1.0,65.18,1.0,20.03
1545,256413,NA,NA,NA,NA,NA,NA
1546,288413,0.0,0.0,1.0,52.77,1.8,27.69
1547,299419,0.0,0.0,1.0,52.77,5.33,82.01
1548,293284,NA,NA,NA,NA,NA,NA
1549,285093,0.0,0.0,0.0,0.0,1.0,18.18
1550,281000,NA,NA,NA,NA,NA,NA
1551,227754,0.0,0.0,3.0,195.53,1.0,20.03
1552,290546,NA,NA,NA,NA,NA,NA
1553,293295,NA,NA,NA,NA,NA,NA
1554,289201,NA,NA,NA,NA,NA,NA
1555,256435,NA,NA,NA,NA,NA,NA
1556,227765,NA,NA,NA,NA,NA,NA
1557,278260,NA,NA,NA,NA,NA,NA
1558,293307,NA,NA,NA,NA,NA,NA
1559,289212,NA,NA,NA,NA,NA,NA
1560,292064,NA,NA,NA,NA,NA,NA
1561,249590,NA,NA,NA,NA,NA,NA
1562,293318,NA,NA,NA,NA,NA,NA
1563,283041,NA,NA,NA,NA,NA,NA
1564,293320,NA,NA,NA,NA,NA,NA
1565,264650,NA,NA,NA,NA,NA,NA
1566,227787,NA,NA,NA,NA,NA,NA
1567,262562,NA,NA,NA,NA,NA,NA
1568,281044,NA,NA,NA,NA,NA,NA
1569,297380,NA,NA,NA,NA,NA,NA
1570,297436,NA,NA,NA,NA,NA,NA
1571,255738,1.0,135.72,1.75,180.14,1.8,57.76
1572,281055,0.0,0.0,3.0,198.47,3.0,54.54
1573,234576,NA,NA,NA,NA,NA,NA
1574,264956,NA,NA,NA,NA,NA,NA
1575,299171,1.5,130.41,2.0,132.31,3.75,68.17
1576,273321,0.0,0.0,2.0,130.35,1.33,26.65
1577,276968,NA,NA,NA,NA,NA,NA
1578,239356,0.0,0.0,1.0,65.18,0.0,0.0
1579,281066,0.0,0.0,0.0,0.0,1.0,18.18
1580,281682,1.0,86.94,1.5,99.23,2.82,51.26
1581,215536,NA,NA,NA,NA,NA,NA
1582,297460,NA,NA,NA,NA,NA,NA
1583,264694,NA,NA,NA,NA,NA,NA
1584,295337,NA,NA,NA,NA,NA,NA
1585,227834,NA,NA,NA,NA,NA,NA
1586,274858,1.0,78.58,0.0,0.0,1.67,33.46
1587,293375,0.0,0.0,0.0,0.0,12.0,261.85
1588,272896,0.0,0.0,0.0,0.0,10.0,200.35
1589,281090,NA,NA,NA,NA,NA,NA
1590,299435,0.0,0.0,0.0,0.0,6.0,92.32
1591,277244,NA,NA,NA,NA,NA,NA
1592,299436,0.0,0.0,3.0,158.31,8.0,123.09
1593,293386,1.5,117.88,2.0,130.35,4.75,95.16
1594,287831,0.0,0.0,0.0,0.0,5.0,76.93
1595,299325,0.0,0.0,3.5,184.7,3.4,52.31
1596,264717,NA,NA,NA,NA,NA,NA
1597,281102,NA,NA,NA,NA,NA,NA
1598,262573,NA,NA,NA,NA,NA,NA
1599,211475,NA,NA,NA,NA,NA,NA
1600,299415,NA,NA,NA,NA,NA,NA
1601,289303,NA,NA,NA,NA,NA,NA
1602,293400,0.0,0.0,0.0,0.0,2.0,36.36
1603,264730,NA,NA,NA,NA,NA,NA
1604,297391,NA,NA,NA,NA,NA,NA
1605,203295,0.0,0.0,1.0,65.18,2.5,50.09
1606,299465,NA,NA,NA,NA,NA,NA
1607,293411,NA,NA,NA,NA,NA,NA
1608,256548,NA,NA,NA,NA,NA,NA
1609,264741,NA,NA,NA,NA,NA,NA
1610,203307,NA,NA,NA,NA,NA,NA
1611,295510,NA,NA,NA,NA,NA,NA
1612,299433,8.0,460.6,2.0,105.54,36.5,561.58
1613,272943,NA,NA,NA,NA,NA,NA
1614,264752,NA,NA,NA,NA,NA,NA
1615,298760,NA,NA,NA,NA,NA,NA
1616,299443,1.0,57.57,0.0,0.0,0.0,0.0
1617,219701,1.0,135.72,2.0,205.87,2.0,64.18
1618,203318,2.0,157.17,0.0,0.0,4.0,80.14
1619,297527,NA,NA,NA,NA,NA,NA
1620,203320,NA,NA,NA,NA,NA,NA
1621,293433,NA,NA,NA,NA,NA,NA
1622,260667,3.0,235.75,1.5,97.76,6.88,137.84
1623,265994,NA,NA,NA,NA,NA,NA
1624,219712,1.0,135.72,0.0,0.0,25.5,818.27
1625,297538,NA,NA,NA,NA,NA,NA
1626,289347,NA,NA,NA,NA,NA,NA
1627,295350,NA,NA,NA,NA,NA,NA
1628,264774,NA,NA,NA,NA,NA,NA
1629,234827,NA,NA,NA,NA,NA,NA
1630,257804,NA,NA,NA,NA,NA,NA
1631,223818,NA,NA,NA,NA,NA,NA
1632,215627,NA,NA,NA,NA,NA,NA
1633,223820,NA,NA,NA,NA,NA,NA
1634,296034,NA,NA,NA,NA,NA,NA
1635,245517,NA,NA,NA,NA,NA,NA
1636,285264,1.0,86.94,1.25,82.69,3.0,54.54
1637,299448,NA,NA,NA,NA,NA,NA
1638,256594,NA,NA,NA,NA,NA,NA
1639,275555,NA,NA,NA,NA,NA,NA
1640,215638,0.0,0.0,0.0,0.0,1.0,20.03
1641,223831,NA,NA,NA,NA,NA,NA
1642,293466,NA,NA,NA,NA,NA,NA
1643,289371,NA,NA,NA,NA,NA,NA
1644,277084,NA,NA,NA,NA,NA,NA
1645,281181,NA,NA,NA,NA,NA,NA
1646,299267,3.0,260.82,0.0,0.0,14.5,263.59
1647,219745,0.0,0.0,0.0,0.0,2.33,46.68
1648,207458,NA,NA,NA,NA,NA,NA
1649,297403,2.33,134.15,1.0,52.77,2.0,30.77
1650,289382,NA,NA,NA,NA,NA,NA
1651,272145,NA,NA,NA,NA,NA,NA
1652,264808,NA,NA,NA,NA,NA,NA
1653,238012,2.0,271.43,0.0,0.0,2.0,64.18
1654,264810,NA,NA,NA,NA,NA,NA
1655,223853,1.0,87.8,2.0,174.93,1.8,55.94
1656,215662,NA,NA,NA,NA,NA,NA
1657,299453,NA,NA,NA,NA,NA,NA
1658,293488,NA,NA,NA,NA,NA,NA
1659,298771,NA,NA,NA,NA,NA,NA
1660,295521,NA,NA,NA,NA,NA,NA
1661,248437,NA,NA,NA,NA,NA,NA
1662,256630,NA,NA,NA,NA,NA,NA
1663,219767,NA,NA,NA,NA,NA,NA
1664,215673,NA,NA,NA,NA,NA,NA
1665,207482,NA,NA,NA,NA,NA,NA
1666,299468,NA,NA,NA,NA,NA,NA
1667,277118,NA,NA,NA,NA,NA,NA
1668,248448,NA,NA,NA,NA,NA,NA
1669,219778,NA,NA,NA,NA,NA,NA
1670,223875,NA,NA,NA,NA,NA,NA
1671,219780,NA,NA,NA,NA,NA,NA
1672,295361,NA,NA,NA,NA,NA,NA
1673,289416,0.0,0.0,0.0,0.0,1.0,21.82
1674,250504,NA,NA,NA,NA,NA,NA
1675,260747,NA,NA,NA,NA,NA,NA
1676,248461,NA,NA,NA,NA,NA,NA
1677,219791,NA,NA,NA,NA,NA,NA
1678,249624,NA,NA,NA,NA,NA,NA
1679,297026,NA,NA,NA,NA,NA,NA
1680,289427,NA,NA,NA,NA,NA,NA
1681,293524,NA,NA,NA,NA,NA,NA
1682,281237,NA,NA,NA,NA,NA,NA
1683,272327,NA,NA,NA,NA,NA,NA
1684,299460,NA,NA,NA,NA,NA,NA
1685,229146,NA,NA,NA,NA,NA,NA
1686,297631,NA,NA,NA,NA,NA,NA
1687,285344,NA,NA,NA,NA,NA,NA
1688,297414,NA,NA,NA,NA,NA,NA
1689,219814,NA,NA,NA,NA,NA,NA
1690,272156,1.33,114.6,1.33,83.08,1.0,21.82
1691,229831,NA,NA,NA,NA,NA,NA
1692,256685,NA,NA,NA,NA,NA,NA
1693,251677,NA,NA,NA,NA,NA,NA
1694,219825,NA,NA,NA,NA,NA,NA
1695,293557,NA,NA,NA,NA,NA,NA
1696,285366,NA,NA,NA,NA,NA,NA
1697,277175,NA,NA,NA,NA,NA,NA
1698,281272,NA,NA,NA,NA,NA,NA
1699,260793,NA,NA,NA,NA,NA,NA
1700,219836,NA,NA,NA,NA,NA,NA
1701,299466,NA,NA,NA,NA,NA,NA
1702,293568,1.0,86.16,1.0,62.47,2.62,57.17
1703,260326,NA,NA,NA,NA,NA,NA
1704,219847,1.0,78.58,1.0,65.18,1.0,20.03
1705,295372,1.0,86.16,1.0,62.47,2.75,60.01
1706,285388,NA,NA,NA,NA,NA,NA
1707,277197,1.0,86.16,3.25,203.02,4.0,87.28
1708,287181,NA,NA,NA,NA,NA,NA
1709,260816,NA,NA,NA,NA,NA,NA
1710,283768,NA,NA,NA,NA,NA,NA
1711,244434,NA,NA,NA,NA,NA,NA
1712,289495,1.0,86.16,1.75,109.32,3.0,65.46
1713,253732,NA,NA,NA,NA,NA,NA
1714,260736,NA,NA,NA,NA,NA,NA
1715,277211,NA,NA,NA,NA,NA,NA
1716,244445,NA,NA,NA,NA,NA,NA
1717,289507,3.83,300.98,5.27,343.47,16.25,325.56
1718,277222,0.0,0.0,0.0,0.0,3.67,66.72
1719,244456,NA,NA,NA,NA,NA,NA
1720,289518,1.5,130.41,1.8,119.08,1.75,31.81
1721,293615,NA,NA,NA,NA,NA,NA
1722,285424,NA,NA,NA,NA,NA,NA
1723,277233,NA,NA,NA,NA,NA,NA
1724,244467,NA,NA,NA,NA,NA,NA
1725,232182,1.0,78.58,1.0,65.18,2.5,50.09
1726,294562,NA,NA,NA,NA,NA,NA
1727,285140,NA,NA,NA,NA,NA,NA
1728,293626,NA,NA,NA,NA,NA,NA
1729,285435,NA,NA,NA,NA,NA,NA
1730,273148,0.0,0.0,0.0,0.0,1.0,20.03
1731,260862,NA,NA,NA,NA,NA,NA
1732,299336,1.0,57.57,2.33,122.96,4.6,70.77
1733,232193,NA,NA,NA,NA,NA,NA
1734,293637,NA,NA,NA,NA,NA,NA
1735,285446,NA,NA,NA,NA,NA,NA
1736,277255,NA,NA,NA,NA,NA,NA
1737,256776,NA,NA,NA,NA,NA,NA
1738,290604,NA,NA,NA,NA,NA,NA
1739,290912,NA,NA,NA,NA,NA,NA
1740,295383,NA,NA,NA,NA,NA,NA
1741,219723,NA,NA,NA,NA,NA,NA
1742,232205,1.0,87.8,1.0,87.46,1.0,31.08
1743,273695,NA,NA,NA,NA,NA,NA
1744,289553,NA,NA,NA,NA,NA,NA
1745,277266,NA,NA,NA,NA,NA,NA
1746,296067,NA,NA,NA,NA,NA,NA
1747,260884,NA,NA,NA,NA,NA,NA
1748,279560,0.0,0.0,0.0,0.0,2.0,43.64
1749,291972,0.0,0.0,0.0,0.0,2.5,54.55
1750,285468,NA,NA,NA,NA,NA,NA
1751,299375,9.75,561.35,7.25,382.59,16.25,250.02
1752,245552,0.0,0.0,0.0,0.0,1.0,18.18
1753,232227,NA,NA,NA,NA,NA,NA
1754,215844,0.0,0.0,0.0,0.0,1.0,32.09
1755,299085,NA,NA,NA,NA,NA,NA
1756,273194,4.6,361.48,3.0,195.53,21.64,433.55
1757,260907,NA,NA,NA,NA,NA,NA
1758,256812,NA,NA,NA,NA,NA,NA
1759,263986,NA,NA,NA,NA,NA,NA
1760,232238,0.0,0.0,1.6,104.28,2.29,45.88
1761,232240,NA,NA,NA,NA,NA,NA
1762,289586,1.0,86.16,1.0,62.47,3.25,70.92
1763,293683,0.0,0.0,0.0,0.0,1.0,21.82
1764,290466,NA,NA,NA,NA,NA,NA
1765,260918,NA,NA,NA,NA,NA,NA
1766,269111,0.0,0.0,1.67,110.48,1.67,30.36
1767,260920,NA,NA,NA,NA,NA,NA
1768,289597,1.0,86.94,1.0,66.16,1.5,27.27
1769,293694,0.0,0.0,0.0,0.0,3.0,65.46
1770,298805,NA,NA,NA,NA,NA,NA
1771,285504,NA,NA,NA,NA,NA,NA
1772,277313,NA,NA,NA,NA,NA,NA
1773,285184,1.0,86.94,1.0,66.16,2.2,39.99
1774,293706,1.0,86.16,1.33,83.08,2.4,52.37
1775,285515,NA,NA,NA,NA,NA,NA
1776,277324,4.27,335.55,5.73,373.46,4.7,94.16
1777,283108,NA,NA,NA,NA,NA,NA
1778,248654,NA,NA,NA,NA,NA,NA
1779,299446,0.0,0.0,6.0,316.62,6.0,92.32
1780,293717,NA,NA,NA,NA,NA,NA
1781,289622,NA,NA,NA,NA,NA,NA
1782,277335,NA,NA,NA,NA,NA,NA
1783,265048,NA,NA,NA,NA,NA,NA
1784,260953,NA,NA,NA,NA,NA,NA
1785,295111,NA,NA,NA,NA,NA,NA
1786,219621,NA,NA,NA,NA,NA,NA
1787,277346,NA,NA,NA,NA,NA,NA
1788,248676,NA,NA,NA,NA,NA,NA
1789,258534,0.0,0.0,1.0,66.16,2.5,45.45
1790,288572,0.0,0.0,0.0,0.0,1.0,20.03
1791,297447,NA,NA,NA,NA,NA,NA
1792,289644,NA,NA,NA,NA,NA,NA
1793,224402,NA,NA,NA,NA,NA,NA
1794,256878,0.0,0.0,1.0,65.18,3.67,73.53
1795,273263,NA,NA,NA,NA,NA,NA
1796,256880,NA,NA,NA,NA,NA,NA
1797,215924,NA,NA,NA,NA,NA,NA
1798,207733,NA,NA,NA,NA,NA,NA
1799,297846,1.0,86.94,1.0,66.16,2.0,36.36
1800,289655,NA,NA,NA,NA,NA,NA
1801,273274,NA,NA,NA,NA,NA,NA
1802,248701,1.0,78.58,1.0,65.18,3.0,60.1
1803,207744,0.0,0.0,1.0,66.16,1.0,18.18
1804,273285,NA,NA,NA,NA,NA,NA
1805,256903,NA,NA,NA,NA,NA,NA
1806,283110,NA,NA,NA,NA,NA,NA
1807,297868,1.0,135.72,0.0,0.0,0.0,0.0
1808,293774,NA,NA,NA,NA,NA,NA
1809,256914,NA,NA,NA,NA,NA,NA
1810,248723,NA,NA,NA,NA,NA,NA
1811,261012,NA,NA,NA,NA,NA,NA
1812,293067,NA,NA,NA,NA,NA,NA
1813,289688,NA,NA,NA,NA,NA,NA
1814,293785,0.0,0.0,0.0,0.0,1.83,39.93
1815,289690,NA,NA,NA,NA,NA,NA
1816,248734,NA,NA,NA,NA,NA,NA
1817,291312,NA,NA,NA,NA,NA,NA
1818,297892,0.0,0.0,2.0,124.94,1.0,21.82
1819,277415,1.0,78.58,1.0,65.18,1.8,36.06
1820,265128,NA,NA,NA,NA,NA,NA
1821,248745,NA,NA,NA,NA,NA,NA
1822,240555,0.0,0.0,0.0,0.0,2.0,40.07
1823,203694,1.0,78.58,1.5,97.76,3.33,66.72
1824,297904,NA,NA,NA,NA,NA,NA
1825,289713,0.0,0.0,1.0,66.16,2.0,36.36
1826,277426,1.0,78.58,2.14,139.48,3.22,64.51
1827,299342,1.5,86.36,0.0,0.0,3.2,49.23
1828,240566,NA,NA,NA,NA,NA,NA
1829,228280,NA,NA,NA,NA,NA,NA
1830,217588,NA,NA,NA,NA,NA,NA
1831,207802,0.0,0.0,1.0,65.18,0.0,0.0
1832,297915,NA,NA,NA,NA,NA,NA
1833,289724,0.0,0.0,2.0,132.31,3.33,60.54
1834,277437,NA,NA,NA,NA,NA,NA
1835,216962,NA,NA,NA,NA,NA,NA
1836,248767,NA,NA,NA,NA,NA,NA
1837,261056,NA,NA,NA,NA,NA,NA
1838,240577,0.0,0.0,1.0,65.18,1.0,20.03
1839,236482,NA,NA,NA,NA,NA,NA
1840,299157,2.0,157.17,4.2,273.74,1.67,33.46
1841,297926,NA,NA,NA,NA,NA,NA
1842,289735,1.0,86.94,3.0,198.47,0.0,0.0
1843,277448,NA,NA,NA,NA,NA,NA
1844,269257,NA,NA,NA,NA,NA,NA
1845,277450,NA,NA,NA,NA,NA,NA
1846,240590,0.0,0.0,0.0,0.0,1.25,40.11
1847,228303,7.5,589.38,0.0,0.0,15.25,305.53
1848,207824,1.5,117.88,1.67,108.84,2.0,40.07
1849,297937,1.0,57.57,0.0,0.0,12.0,184.63
1850,289746,0.0,0.0,1.4,87.46,1.0,21.82
1851,293843,NA,NA,NA,NA,NA,NA
1852,228314,NA,NA,NA,NA,NA,NA
1853,207835,NA,NA,NA,NA,NA,NA
1854,297948,NA,NA,NA,NA,NA,NA
1855,297950,NA,NA,NA,NA,NA,NA
1856,277472,NA,NA,NA,NA,NA,NA
1857,228325,NA,NA,NA,NA,NA,NA
1858,207846,0.0,0.0,1.0,102.94,0.0,0.0
1859,211943,NA,NA,NA,NA,NA,NA
1860,216040,NA,NA,NA,NA,NA,NA
1861,293865,NA,NA,NA,NA,NA,NA
1862,289770,NA,NA,NA,NA,NA,NA
1863,290342,NA,NA,NA,NA,NA,NA
1864,281580,NA,NA,NA,NA,NA,NA
1865,228336,NA,NA,NA,NA,NA,NA
1866,220146,NA,NA,NA,NA,NA,NA
1867,297972,0.0,0.0,3.14,165.7,3.29,50.62
1868,289781,NA,NA,NA,NA,NA,NA
1869,228347,NA,NA,NA,NA,NA,NA
1870,236540,2.6,204.32,16.2,1055.84,3.0,60.1
1871,211965,NA,NA,NA,NA,NA,NA
1872,207870,NA,NA,NA,NA,NA,NA
1873,259925,6.5,565.11,1.8,119.08,12.73,231.42
1874,289792,NA,NA,NA,NA,NA,NA
1875,276992,NA,NA,NA,NA,NA,NA
1876,290752,NA,NA,NA,NA,NA,NA
1877,228358,NA,NA,NA,NA,NA,NA
1878,236551,NA,NA,NA,NA,NA,NA
1879,211976,4.0,314.33,0.0,0.0,5.0,100.17
1880,216073,NA,NA,NA,NA,NA,NA
1881,297994,NA,NA,NA,NA,NA,NA
1882,251735,NA,NA,NA,NA,NA,NA
1883,289804,NA,NA,NA,NA,NA,NA
1884,299345,0.0,0.0,1.0,52.77,5.4,83.08
1885,236562,1.5,117.88,3.38,220.29,1.8,36.06
1886,207892,NA,NA,NA,NA,NA,NA
1887,299370,0.0,0.0,0.0,0.0,4.0,61.54
1888,289815,NA,NA,NA,NA,NA,NA
1889,290832,NA,NA,NA,NA,NA,NA
1890,203808,NA,NA,NA,NA,NA,NA
1891,295430,NA,NA,NA,NA,NA,NA
1892,224297,NA,NA,NA,NA,NA,NA
1893,299452,NA,NA,NA,NA,NA,NA
1894,203821,NA,NA,NA,NA,NA,NA
1895,257074,NA,NA,NA,NA,NA,NA
1896,232502,NA,NA,NA,NA,NA,NA
1897,254473,1.0,135.72,1.0,102.94,2.0,64.18
1898,289848,NA,NA,NA,NA,NA,NA
1899,281658,NA,NA,NA,NA,NA,NA
1900,257085,NA,NA,NA,NA,NA,NA
1901,246965,NA,NA,NA,NA,NA,NA
1902,228416,NA,NA,NA,NA,NA,NA
1903,284512,2.0,157.17,2.29,149.25,4.0,80.14
1904,203843,0.0,0.0,0.0,0.0,1.0,20.03
1905,289861,NA,NA,NA,NA,NA,NA
1906,263827,NA,NA,NA,NA,NA,NA
1907,281671,NA,NA,NA,NA,NA,NA
1908,299347,1.0,57.57,1.33,70.18,6.2,95.39
1909,207948,0.0,0.0,0.0,0.0,1.0,20.03
1910,251746,5.67,497.85,1.0,87.46,18.33,569.65
1911,207950,0.0,0.0,0.0,0.0,1.0,20.03
1912,277585,NA,NA,NA,NA,NA,NA
1913,269394,1.0,87.8,1.5,131.2,1.5,46.62
1914,257108,NA,NA,NA,NA,NA,NA
1915,207961,0.0,0.0,0.0,0.0,1.0,20.03
1916,299425,2.0,115.15,3.0,158.31,10.5,161.55
1917,289883,NA,NA,NA,NA,NA,NA
1918,227173,NA,NA,NA,NA,NA,NA
1919,299125,NA,NA,NA,NA,NA,NA
1920,212070,NA,NA,NA,NA,NA,NA
1921,295441,NA,NA,NA,NA,NA,NA
1922,269417,NA,NA,NA,NA,NA,NA
1923,261227,1.0,78.58,2.0,130.35,3.0,60.1
1924,232557,0.0,0.0,1.0,102.94,1.0,32.09
1925,207983,NA,NA,NA,NA,NA,NA
1926,285982,1.0,86.94,2.0,132.31,7.0,127.25
1927,298100,2.0,271.43,2.86,294.4,5.6,179.7
1928,277621,NA,NA,NA,NA,NA,NA
1929,265334,0.0,0.0,0.0,0.0,1.0,20.03
1930,288617,NA,NA,NA,NA,NA,NA
1931,261240,NA,NA,NA,NA,NA,NA
1932,254484,NA,NA,NA,NA,NA,NA
1933,207994,0.0,0.0,0.0,0.0,1.0,20.03
1934,220283,3.0,235.75,5.5,358.46,2.67,53.49
1935,289917,0.0,0.0,1.0,66.16,1.4,25.45
1936,298111,NA,NA,NA,NA,NA,NA
1937,269441,NA,NA,NA,NA,NA,NA
1938,284523,NA,NA,NA,NA,NA,NA
1939,224390,2.0,175.61,1.0,87.46,2.25,69.92
1940,208007,1.0,78.58,1.0,65.18,2.0,40.07
1941,289928,0.0,0.0,1.0,66.16,0.0,0.0
1942,289930,NA,NA,NA,NA,NA,NA
1943,269452,1.5,117.88,1.5,97.76,2.25,45.08
1944,208018,0.0,0.0,0.0,0.0,3.0,60.1
1945,292953,NA,NA,NA,NA,NA,NA
1946,208020,2.0,157.17,4.0,260.7,9.0,180.31
1947,289941,NA,NA,NA,NA,NA,NA
1948,240794,5.57,484.26,3.33,220.3,16.91,307.4
1949,208031,0.0,0.0,1.0,65.18,1.0,20.03
1950,285856,1.6,125.73,1.8,117.32,9.9,198.34
1951,299350,0.0,0.0,1.0,65.18,5.6,112.19
1952,240806,0.0,0.0,0.0,0.0,3.0,60.1
1953,203945,NA,NA,NA,NA,NA,NA
1954,208042,NA,NA,NA,NA,NA,NA
1955,289963,NA,NA,NA,NA,NA,NA
1956,299371,0.0,0.0,0.0,0.0,3.0,46.16
1957,265391,NA,NA,NA,NA,NA,NA
1958,287944,NA,NA,NA,NA,NA,NA
1959,203956,NA,NA,NA,NA,NA,NA
1960,208053,NA,NA,NA,NA,NA,NA
1961,298166,NA,NA,NA,NA,NA,NA
1962,299262,1.0,86.16,2.25,140.55,4.33,94.48
1963,258591,NA,NA,NA,NA,NA,NA
1964,203967,NA,NA,NA,NA,NA,NA
1965,289985,NA,NA,NA,NA,NA,NA
1966,246987,0.0,0.0,3.0,195.53,2.0,40.07
1967,244935,NA,NA,NA,NA,NA,NA
1968,261320,NA,NA,NA,NA,NA,NA
1969,289996,1.0,78.58,9.0,586.58,4.33,86.75
1970,208075,NA,NA,NA,NA,NA,NA
1971,203980,NA,NA,NA,NA,NA,NA
1972,298190,NA,NA,NA,NA,NA,NA
1973,277712,NA,NA,NA,NA,NA,NA
1974,236755,NA,NA,NA,NA,NA,NA
1975,224468,NA,NA,NA,NA,NA,NA
1976,234975,NA,NA,NA,NA,NA,NA
1977,203991,8.0,628.67,2.0,130.35,23.0,460.8
1978,281818,5.0,434.7,1.0,66.16,7.5,136.34
1979,236766,0.0,0.0,0.0,0.0,2.43,48.68
1980,299352,NA,NA,NA,NA,NA,NA
1981,259253,NA,NA,NA,NA,NA,NA
1982,204004,NA,NA,NA,NA,NA,NA
1983,277734,1.0,86.94,1.0,66.16,1.0,18.18
1984,281831,0.0,0.0,1.5,99.23,2.33,42.36
1985,240874,0.0,0.0,0.0,0.0,0.0,0.0
1986,204015,1.0,135.72,2.0,205.87,2.67,85.68
1987,299426,4.0,230.3,1.0,52.77,4.5,69.24
1988,265458,NA,NA,NA,NA,NA,NA
1989,257267,1.4,110.02,3.0,195.53,2.7,54.09
1990,236788,NA,NA,NA,NA,NA,NA
1991,216313,NA,NA,NA,NA,NA,NA
1992,204026,1.0,78.58,0.0,0.0,1.5,30.05
1993,277756,NA,NA,NA,NA,NA,NA
1994,273662,NA,NA,NA,NA,NA,NA
1995,240896,1.33,104.52,13.25,863.57,2.25,45.08
1996,254507,NA,NA,NA,NA,NA,NA
1997,275670,0.0,0.0,1.0,62.47,3.0,65.46
1998,237441,NA,NA,NA,NA,NA,NA
1999,290056,NA,NA,NA,NA,NA,NA
2000,297516,1.0,86.94,1.0,66.16,6.0,109.07
2001,265482,NA,NA,NA,NA,NA,NA
2002,245005,0.0,0.0,1.0,65.18,0.0,0.0
2003,240910,NA,NA,NA,NA,NA,NA
2004,299287,2.67,232.13,0.0,0.0,11.0,199.97
2005,251096,NA,NA,NA,NA,NA,NA
2006,285971,1.0,86.16,1.5,93.7,3.12,68.08
2007,210563,NA,NA,NA,NA,NA,NA
2008,298268,NA,NA,NA,NA,NA,NA
2009,285914,NA,NA,NA,NA,NA,NA
2010,281886,NA,NA,NA,NA,NA,NA
2011,277791,2.0,173.88,1.0,66.16,4.91,89.26
2012,290080,1.0,86.16,2.0,124.94,2.25,49.1
2013,277040,NA,NA,NA,NA,NA,NA
2014,290216,NA,NA,NA,NA,NA,NA
2015,294790,NA,NA,NA,NA,NA,NA
2016,299290,2.0,173.88,1.5,99.23,9.4,170.88
2017,281897,1.86,161.71,0.0,0.0,24.45,444.47
2018,290091,1.0,86.16,1.0,62.47,1.33,29.02
2019,216368,0.0,0.0,0.0,0.0,3.0,60.1
2020,286600,1.0,86.94,3.0,198.47,3.5,63.63
2021,216370,0.0,0.0,1.0,102.94,3.0,96.27
2022,277814,NA,NA,NA,NA,NA,NA
2023,281911,1.0,86.94,1.33,87.99,2.0,36.36
2024,261433,1.0,78.58,2.0,130.35,3.67,73.53
2025,216381,0.0,0.0,0.0,0.0,1.0,20.03
2026,277825,0.0,0.0,0.0,0.0,3.5,63.63
2027,281922,NA,NA,NA,NA,NA,NA
2028,257347,NA,NA,NA,NA,NA,NA
2029,254518,1.0,78.58,0.0,0.0,3.0,60.1
2030,277836,0.0,0.0,1.0,66.16,2.33,42.36
2031,281933,NA,NA,NA,NA,NA,NA
2032,240976,0.0,0.0,1.33,86.68,0.0,0.0
2033,250424,3.0,235.75,1.0,65.18,7.0,140.24
2034,298281,NA,NA,NA,NA,NA,NA
2035,277847,0.0,0.0,0.0,0.0,6.33,115.07
2036,281944,0.0,0.0,0.0,0.0,1.0,18.18
2037,249178,NA,NA,NA,NA,NA,NA
2038,240987,1.0,86.94,0.0,0.0,4.67,84.89
2039,248073,NA,NA,NA,NA,NA,NA
2040,234725,NA,NA,NA,NA,NA,NA
2041,298337,NA,NA,NA,NA,NA,NA
2042,277858,NA,NA,NA,NA,NA,NA
2043,277051,NA,NA,NA,NA,NA,NA
2044,277860,NA,NA,NA,NA,NA,NA
2045,257382,NA,NA,NA,NA,NA,NA
2046,245095,NA,NA,NA,NA,NA,NA
2047,241002,NA,NA,NA,NA,NA,NA
2048,204141,NA,NA,NA,NA,NA,NA
2049,281966,NA,NA,NA,NA,NA,NA
2050,290160,0.0,0.0,1.0,65.18,0.0,0.0
2051,257393,NA,NA,NA,NA,NA,NA
2052,287294,1.0,78.58,1.0,65.18,1.33,26.65
2053,204152,NA,NA,NA,NA,NA,NA
2054,288173,NA,NA,NA,NA,NA,NA
2055,241800,NA,NA,NA,NA,NA,NA
2056,290171,3.33,286.92,1.67,104.32,7.86,171.51
2057,3306,NA,NA,NA,NA,NA,NA
2058,261502,NA,NA,NA,NA,NA,NA
2059,266816,NA,NA,NA,NA,NA,NA
2060,204163,4.5,353.63,0.0,0.0,14.5,290.5
2061,281988,NA,NA,NA,NA,NA,NA
2062,273797,1.0,78.58,0.0,0.0,1.5,30.05
2063,290182,0.0,0.0,1.0,66.16,1.0,18.18
2064,284567,NA,NA,NA,NA,NA,NA
2065,204174,1.0,78.58,1.0,65.18,3.5,70.12
2066,286096,1.0,86.94,2.4,158.77,5.8,105.44
2067,277905,2.0,173.88,2.0,132.31,8.57,155.79
2068,273811,NA,NA,NA,NA,NA,NA
2069,298372,NA,NA,NA,NA,NA,NA
2070,277916,NA,NA,NA,NA,NA,NA
2071,290205,NA,NA,NA,NA,NA,NA
2072,265631,1.0,78.58,0.0,0.0,2.17,43.48
2073,247024,NA,NA,NA,NA,NA,NA
2074,277062,NA,NA,NA,NA,NA,NA
2075,298406,NA,NA,NA,NA,NA,NA
2076,277927,NA,NA,NA,NA,NA,NA
2077,269736,NA,NA,NA,NA,NA,NA
2078,282025,NA,NA,NA,NA,NA,NA
2079,299174,NA,NA,NA,NA,NA,NA
2080,288993,NA,NA,NA,NA,NA,NA
2081,290034,6.9,599.89,1.0,66.16,16.73,304.13
2082,294813,NA,NA,NA,NA,NA,NA
2083,277938,1.0,78.58,2.0,130.35,3.2,64.11
2084,269747,NA,NA,NA,NA,NA,NA
2085,277940,1.0,78.58,3.0,195.53,14.33,287.1
2086,257462,NA,NA,NA,NA,NA,NA
2087,282047,0.0,0.0,0.0,0.0,1.0,18.18
2088,261568,NA,NA,NA,NA,NA,NA
2089,245186,0.0,0.0,0.0,0.0,4.33,86.75
2090,3523,NA,NA,NA,NA,NA,NA
2091,290262,NA,NA,NA,NA,NA,NA
2092,291174,NA,NA,NA,NA,NA,NA
2093,277962,1.0,86.94,1.0,66.16,3.9,70.9
2094,290251,NA,NA,NA,NA,NA,NA
2095,282060,NA,NA,NA,NA,NA,NA
2096,261581,NA,NA,NA,NA,NA,NA
2097,298678,NA,NA,NA,NA,NA,NA
2098,245200,0.0,0.0,5.0,325.88,2.25,45.08
2099,298691,NA,NA,NA,NA,NA,NA
2100,254542,2.0,157.17,2.12,138.17,4.44,88.95
2101,265686,NA,NA,NA,NA,NA,NA
2102,282071,5.33,463.39,1.0,66.16,7.62,138.52
2103,218753,NA,NA,NA,NA,NA,NA
2104,245211,NA,NA,NA,NA,NA,NA
2105,299245,0.0,0.0,0.0,0.0,7.83,120.47
2106,273888,NA,NA,NA,NA,NA,NA
2107,265697,0.0,0.0,3.0,195.53,3.0,60.1
2108,282082,NA,NA,NA,NA,NA,NA
2109,3556,NA,NA,NA,NA,NA,NA
2110,290284,NA,NA,NA,NA,NA,NA
2111,282093,NA,NA,NA,NA,NA,NA
2112,258580,1.0,135.72,0.0,0.0,0.0,0.0
2113,265711,0.0,0.0,1.33,136.91,1.0,32.09
2114,294824,NA,NA,NA,NA,NA,NA
2115,290295,NA,NA,NA,NA,NA,NA
2116,278008,NA,NA,NA,NA,NA,NA
2117,273913,NA,NA,NA,NA,NA,NA
2118,3580,NA,NA,NA,NA,NA,NA
2119,287317,NA,NA,NA,NA,NA,NA
2120,290307,NA,NA,NA,NA,NA,NA
2121,282116,NA,NA,NA,NA,NA,NA
2122,265733,0.0,0.0,0.0,0.0,2.0,40.07
2123,3591,NA,NA,NA,NA,NA,NA
2124,298680,NA,NA,NA,NA,NA,NA
2125,237485,NA,NA,NA,NA,NA,NA
2126,290320,NA,NA,NA,NA,NA,NA
2127,3603,NA,NA,NA,NA,NA,NA
2128,273946,NA,NA,NA,NA,NA,NA
2129,278043,1.0,86.94,2.0,132.31,0.0,0.0
2130,292543,NA,NA,NA,NA,NA,NA
2131,292816,NA,NA,NA,NA,NA,NA
2132,247046,NA,NA,NA,NA,NA,NA
2133,278054,0.0,0.0,1.75,115.77,2.0,36.36
2134,245288,NA,NA,NA,NA,NA,NA
2135,289952,NA,NA,NA,NA,NA,NA
2136,200238,5.4,424.35,5.0,325.88,18.8,376.65
2137,280132,NA,NA,NA,NA,NA,NA
2138,278065,NA,NA,NA,NA,NA,NA
2139,273970,NA,NA,NA,NA,NA,NA
2140,245302,NA,NA,NA,NA,NA,NA
2141,286267,NA,NA,NA,NA,NA,NA
2142,269884,NA,NA,NA,NA,NA,NA
2143,273981,NA,NA,NA,NA,NA,NA
2144,290741,NA,NA,NA,NA,NA,NA
2145,299447,NA,NA,NA,NA,NA,NA
2146,208452,0.0,0.0,0.0,0.0,3.0,60.1
2147,298565,0.0,0.0,3.75,248.08,1.83,33.27
2148,290375,NA,NA,NA,NA,NA,NA
2149,273992,NA,NA,NA,NA,NA,NA
2150,296227,NA,NA,NA,NA,NA,NA
2151,220751,NA,NA,NA,NA,NA,NA
2152,298576,NA,NA,NA,NA,NA,NA
2153,278098,NA,NA,NA,NA,NA,NA
2154,299292,1.0,86.94,1.5,99.23,4.8,87.26
2155,299228,NA,NA,NA,NA,NA,NA
2156,288014,NA,NA,NA,NA,NA,NA
2157,247263,NA,NA,NA,NA,NA,NA
2158,254564,NA,NA,NA,NA,NA,NA
2159,285162,1.0,86.94,1.33,87.99,2.0,36.36
2160,290397,NA,NA,NA,NA,NA,NA
2161,269918,NA,NA,NA,NA,NA,NA
2162,282207,2.0,157.17,2.5,162.94,2.5,50.09
2163,269920,NA,NA,NA,NA,NA,NA
2164,257633,NA,NA,NA,NA,NA,NA
2165,237155,NA,NA,NA,NA,NA,NA
2166,225894,0.0,0.0,1.0,65.18,1.0,20.03
2167,294505,NA,NA,NA,NA,NA,NA
2168,269931,0.0,0.0,0.0,0.0,2.67,53.49
2169,3693,NA,NA,NA,NA,NA,NA
2170,299374,9.75,561.35,5.75,303.43,26.0,400.03
2171,299207,1.0,86.16,0.0,0.0,3.17,69.17
2172,299229,1.5,129.24,0.0,0.0,5.4,117.83
2173,234771,NA,NA,NA,NA,NA,NA
2174,294846,NA,NA,NA,NA,NA,NA
2175,269942,NA,NA,NA,NA,NA,NA
2176,257655,NA,NA,NA,NA,NA,NA
2177,3705,NA,NA,NA,NA,NA,NA
2178,241274,NA,NA,NA,NA,NA,NA
2179,290364,NA,NA,NA,NA,NA,NA
2180,269953,NA,NA,NA,NA,NA,NA
2181,257666,NA,NA,NA,NA,NA,NA
2182,274051,NA,NA,NA,NA,NA,NA
2183,237188,0.0,0.0,0.0,0.0,1.0,32.09
2184,299366,0.0,0.0,1.0,52.77,6.0,92.32
2185,281226,NA,NA,NA,NA,NA,NA
2186,298634,NA,NA,NA,NA,NA,NA
2187,290444,NA,NA,NA,NA,NA,NA
2188,274062,1.0,86.94,0.0,0.0,1.0,18.18
2189,299230,0.0,0.0,1.0,62.47,3.67,80.08
2190,253891,NA,NA,NA,NA,NA,NA
2191,298645,NA,NA,NA,NA,NA,NA
2192,288025,1.0,86.16,0.0,0.0,0.0,0.0
2193,261785,NA,NA,NA,NA,NA,NA
2194,237213,0.0,0.0,4.0,260.7,0.0,0.0
2195,298656,NA,NA,NA,NA,NA,NA
2196,293455,NA,NA,NA,NA,NA,NA
2197,278178,0.0,0.0,2.86,186.4,2.5,50.09
2198,261796,NA,NA,NA,NA,NA,NA
2199,245415,NA,NA,NA,NA,NA,NA
2200,233130,1.0,86.94,2.5,165.39,1.5,27.27
2201,276423,NA,NA,NA,NA,NA,NA
2202,204460,1.0,78.58,4.0,260.7,1.5,30.05
2203,294573,NA,NA,NA,NA,NA,NA
2204,299231,NA,NA,NA,NA,NA,NA
2205,290502,NA,NA,NA,NA,NA,NA
2206,261810,NA,NA,NA,NA,NA,NA
2207,247070,1.0,78.58,0.0,0.0,1.0,20.03
2208,284501,NA,NA,NA,NA,NA,NA
2209,294857,NA,NA,NA,NA,NA,NA
2210,290488,NA,NA,NA,NA,NA,NA
2211,282297,0.0,0.0,0.0,0.0,1.0,20.03
2212,290490,NA,NA,NA,NA,NA,NA
2213,274107,NA,NA,NA,NA,NA,NA
2214,245437,NA,NA,NA,NA,NA,NA
2215,237246,2.0,157.17,2.0,130.35,5.25,105.18
2216,264821,NA,NA,NA,NA,NA,NA
2217,299320,2.0,172.33,2.4,149.92,11.2,244.39
2218,294595,NA,NA,NA,NA,NA,NA
2219,278214,NA,NA,NA,NA,NA,NA
2220,257735,NA,NA,NA,NA,NA,NA
2221,274120,0.0,0.0,1.0,66.16,1.0,18.18
2222,253641,NA,NA,NA,NA,NA,NA
2223,229066,NA,NA,NA,NA,NA,NA
2224,294607,0.0,0.0,1.75,109.32,3.2,69.83
2225,278225,NA,NA,NA,NA,NA,NA
2226,274131,NA,NA,NA,NA,NA,NA
2227,253652,NA,NA,NA,NA,NA,NA
2228,229077,NA,NA,NA,NA,NA,NA
2229,220886,1.0,78.58,2.0,130.35,14.22,284.89
2230,262777,NA,NA,NA,NA,NA,NA
2231,299096,NA,NA,NA,NA,NA,NA
2232,279844,NA,NA,NA,NA,NA,NA
2233,294618,NA,NA,NA,NA,NA,NA
2234,290524,NA,NA,NA,NA,NA,NA
2235,274142,6.0,521.64,2.25,148.85,41.42,752.96
2236,229088,NA,NA,NA,NA,NA,NA
2237,220897,NA,NA,NA,NA,NA,NA
2238,229090,NA,NA,NA,NA,NA,NA
2239,216803,1.0,78.58,1.5,97.76,1.33,26.65
2240,220900,NA,NA,NA,NA,NA,NA
2241,298725,NA,NA,NA,NA,NA,NA
2242,290535,NA,NA,NA,NA,NA,NA
2243,257768,NA,NA,NA,NA,NA,NA
2244,249577,NA,NA,NA,NA,NA,NA
2245,245483,NA,NA,NA,NA,NA,NA
2246,3820,NA,NA,NA,NA,NA,NA
2247,229102,NA,NA,NA,NA,NA,NA
2248,298736,NA,NA,NA,NA,NA,NA
2249,278258,3.0,235.75,1.0,65.18,4.0,80.14
2250,255955,NA,NA,NA,NA,NA,NA
2251,274164,1.0,86.94,1.5,99.23,3.67,66.72
2252,245494,NA,NA,NA,NA,NA,NA
2253,3831,NA,NA,NA,NA,NA,NA
2254,216825,NA,NA,NA,NA,NA,NA
2255,220922,1.0,78.58,0.0,0.0,2.5,50.09
2256,298747,NA,NA,NA,NA,NA,NA
2257,294653,NA,NA,NA,NA,NA,NA
2258,286462,0.0,0.0,0.0,0.0,1.0,20.03
2259,274175,NA,NA,NA,NA,NA,NA
2260,257792,NA,NA,NA,NA,NA,NA
2261,264832,NA,NA,NA,NA,NA,NA
2262,245506,NA,NA,NA,NA,NA,NA
2263,216836,NA,NA,NA,NA,NA,NA
2264,220933,NA,NA,NA,NA,NA,NA
2265,298758,NA,NA,NA,NA,NA,NA
2266,294664,NA,NA,NA,NA,NA,NA
2267,286473,NA,NA,NA,NA,NA,NA
2268,274186,NA,NA,NA,NA,NA,NA
2269,253708,NA,NA,NA,NA,NA,NA
2270,240258,NA,NA,NA,NA,NA,NA
2271,216847,NA,NA,NA,NA,NA,NA
2272,208656,1.0,78.58,2.2,143.39,2.17,43.48
2273,294675,NA,NA,NA,NA,NA,NA
2274,274197,0.0,0.0,1.0,66.16,1.8,32.72
2275,245528,NA,NA,NA,NA,NA,NA
2276,216858,NA,NA,NA,NA,NA,NA
2277,288047,NA,NA,NA,NA,NA,NA
2278,216860,1.33,116.78,1.0,87.46,1.88,58.43
2279,294686,NA,NA,NA,NA,NA,NA
2280,286495,1.0,78.58,0.0,0.0,2.25,45.08
2281,278305,NA,NA,NA,NA,NA,NA
2282,266018,NA,NA,NA,NA,NA,NA
2283,274211,NA,NA,NA,NA,NA,NA
2284,266020,NA,NA,NA,NA,NA,NA
2285,245541,NA,NA,NA,NA,NA,NA
2286,208678,NA,NA,NA,NA,NA,NA
2287,208680,1.0,78.58,0.0,0.0,1.5,30.05
2288,286507,NA,NA,NA,NA,NA,NA
2289,278316,0.0,0.0,0.0,0.0,1.0,20.03
2290,249646,NA,NA,NA,NA,NA,NA
2291,229168,NA,NA,NA,NA,NA,NA
2292,254600,NA,NA,NA,NA,NA,NA
2293,299405,3.5,201.51,2.5,131.93,11.5,176.94
2294,290331,0.0,0.0,0.0,0.0,1.0,20.03
2295,286518,NA,NA,NA,NA,NA,NA
2296,249657,NA,NA,NA,NA,NA,NA
2297,216893,1.0,78.58,0.0,0.0,2.0,40.07
2298,249453,1.0,135.72,2.0,205.87,4.0,128.36
2299,298816,NA,NA,NA,NA,NA,NA
2300,260064,NA,NA,NA,NA,NA,NA
2301,278338,NA,NA,NA,NA,NA,NA
2302,286531,NA,NA,NA,NA,NA,NA
2303,274244,0.0,0.0,1.75,115.77,2.4,43.63
2304,273718,NA,NA,NA,NA,NA,NA
2305,290785,NA,NA,NA,NA,NA,NA
2306,216905,NA,NA,NA,NA,NA,NA
2307,290103,0.0,0.0,0.0,0.0,3.0,54.54
2308,286690,NA,NA,NA,NA,NA,NA
2309,278351,NA,NA,NA,NA,NA,NA
2310,245585,1.67,131.23,2.4,156.42,6.4,128.22
2311,233301,NA,NA,NA,NA,NA,NA
2312,292417,NA,NA,NA,NA,NA,NA
2313,294744,1.0,87.8,1.25,109.33,2.17,67.44
2314,290650,NA,NA,NA,NA,NA,NA
2315,275087,NA,NA,NA,NA,NA,NA
2316,237406,2.0,157.17,1.0,65.18,18.33,367.23
2317,233312,NA,NA,NA,NA,NA,NA
2318,294755,NA,NA,NA,NA,NA,NA
2319,296934,NA,NA,NA,NA,NA,NA
2320,245608,0.0,0.0,1.0,65.18,0.0,0.0
2321,216938,1.5,117.88,1.0,65.18,1.5,30.05
2322,288743,NA,NA,NA,NA,NA,NA
2323,216940,0.0,0.0,1.0,65.18,0.0,0.0
2324,278384,NA,NA,NA,NA,NA,NA
2325,292840,0.0,0.0,1.0,52.77,1.0,15.39
2326,274290,NA,NA,NA,NA,NA,NA
2327,254611,NA,NA,NA,NA,NA,NA
2328,245621,NA,NA,NA,NA,NA,NA
2329,259275,NA,NA,NA,NA,NA,NA
2330,216951,1.0,78.58,1.0,65.18,1.67,33.46
2331,297620,NA,NA,NA,NA,NA,NA
2332,286586,NA,NA,NA,NA,NA,NA
2333,278395,NA,NA,NA,NA,NA,NA
2334,257917,NA,NA,NA,NA,NA,NA
2335,274302,2.0,157.17,1.0,65.18,0.0,0.0
2336,285333,NA,NA,NA,NA,NA,NA
2337,245632,0.0,0.0,0.0,0.0,1.0,18.18
2338,234816,0.0,0.0,0.0,0.0,6.12,190.19
2339,225154,0.0,0.0,2.0,130.35,5.0,100.17
2340,286597,NA,NA,NA,NA,NA,NA
2341,290694,NA,NA,NA,NA,NA,NA
2342,278407,NA,NA,NA,NA,NA,NA
2343,257928,NA,NA,NA,NA,NA,NA
2344,274313,NA,NA,NA,NA,NA,NA
2345,290114,NA,NA,NA,NA,NA,NA
2346,298896,3.0,260.82,2.0,132.31,2.56,46.54
2347,290706,NA,NA,NA,NA,NA,NA
2348,286611,0.0,0.0,1.0,62.47,2.0,43.64
2349,278420,NA,NA,NA,NA,NA,NA
2350,216984,1.43,112.37,1.25,81.47,1.43,28.65
2351,298907,NA,NA,NA,NA,NA,NA
2352,290717,NA,NA,NA,NA,NA,NA
2353,245665,NA,NA,NA,NA,NA,NA
2354,262050,NA,NA,NA,NA,NA,NA
2355,298918,1.0,86.16,1.0,62.47,2.4,52.37
2356,290728,NA,NA,NA,NA,NA,NA
2357,286633,0.0,0.0,1.0,62.47,1.0,21.82
2358,290730,NA,NA,NA,NA,NA,NA
2359,262061,NA,NA,NA,NA,NA,NA
2360,262813,NA,NA,NA,NA,NA,NA
2361,294835,NA,NA,NA,NA,NA,NA
2362,286644,0.0,0.0,0.0,0.0,2.0,36.36
2363,254622,NA,NA,NA,NA,NA,NA
2364,282550,NA,NA,NA,NA,NA,NA
2365,299240,0.0,0.0,1.25,65.96,4.0,61.54
2366,293648,NA,NA,NA,NA,NA,NA
2367,286655,1.33,114.6,2.0,124.94,5.0,109.1
2368,278464,0.0,0.0,1.25,78.09,1.0,21.82
2369,282561,NA,NA,NA,NA,NA,NA
2370,298714,NA,NA,NA,NA,NA,NA
2371,262083,NA,NA,NA,NA,NA,NA
2372,286028,2.0,173.88,1.0,66.16,6.67,121.25
2373,286666,NA,NA,NA,NA,NA,NA
2374,257996,NA,NA,NA,NA,NA,NA
2375,262094,NA,NA,NA,NA,NA,NA
2376,290125,4.0,314.33,2.0,130.35,11.7,234.41
2377,258000,NA,NA,NA,NA,NA,NA
2378,295587,NA,NA,NA,NA,NA,NA
2379,294868,NA,NA,NA,NA,NA,NA
2380,286677,NA,NA,NA,NA,NA,NA
2381,294870,NA,NA,NA,NA,NA,NA
2382,287396,NA,NA,NA,NA,NA,NA
2383,290810,NA,NA,NA,NA,NA,NA
2384,208862,NA,NA,NA,NA,NA,NA
2385,298976,0.0,0.0,0.0,0.0,4.0,80.14
2386,257360,NA,NA,NA,NA,NA,NA
2387,282594,0.0,0.0,0.0,0.0,2.0,43.64
2388,296160,NA,NA,NA,NA,NA,NA
2389,225256,NA,NA,NA,NA,NA,NA
2390,290796,NA,NA,NA,NA,NA,NA
2391,286702,1.0,86.16,1.0,62.47,2.0,43.64
2392,250550,0.0,0.0,0.0,0.0,2.5,50.09
2393,262128,NA,NA,NA,NA,NA,NA
2394,225267,NA,NA,NA,NA,NA,NA
2395,290240,0.0,0.0,0.0,0.0,3.0,96.27
2396,292862,NA,NA,NA,NA,NA,NA
2397,278522,1.0,78.58,3.0,195.53,1.25,25.04
2398,262141,NA,NA,NA,NA,NA,NA
